10000
5367 2501
8517 3892
7581 1153
7822 1050
31 4278
8526 2820
9232 1645
7185 1576
9807 2449
3184 2110
4167 2210
4181 1564
7767 2226
7504 2431
7270 2683
4413 2165
5640 1300
7997 3527
1187 1891
4789 1887
2856 695
5713 2135
1794 2180
6318 3473
4008 484
6057 2924
9323 2398
1072 2693
4271 2360
9419 2311
6214 2219
5516 2396
6295 2994
9043 1016
8869 3842
2698 4121
6356 2175
2027 1021
3055 4052
9896 2290
4641 1471
1137 3204
1352 1910
3119 1330
9434 2913
5863 3493
8846 1843
1433 4126
6572 447
5365 2852
657 2253
5089 1828
8648 2598
2006 523
2915 1726
2907 2789
5742 2659
1792 1187
9027 2859
1216 2758
7261 1904
2001 1399
3160 2010
6338 4091
6342 2460
2400 1715
7693 3400
1913 2955
2267 3736
4321 3010
6952 300
6954 1689
6736 1940
8224 3187
4616 4188
9839 1451
4917 2114
1729 1512
6164 4214
2538 448
993 2027
2887 595
7093 3676
6638 3597
2579 4793
4884 2857
4512 2590
3929 4541
4104 751
5048 2776
6784 1291
208 3289
7238 4186
6526 1478
999 3087
9564 2930
7293 3777
6400 1972
3731 3002
8827 3589
8973 2048
3520 2418
7052 3045
9616 4437
8529 2634
496 1959
7752 2574
3613 3762
5114 2728
8099 2816
8991 2546
8358 1884
7814 2711
1812 2314
7844 2295
4547 840
1665 996
2190 3177
1384 530
9505 2109
4157 3265
2194 3320
2731 2762
2270 2000
3264 2800
6670 4411
4736 3452
1220 2774
7330 1935
425 1735
3064 3439
9902 2550
2024 2554
946 1593
2867 1016
9520 3855
4577 4616
5886 1821
6050 1284
7034 2868
6253 2780
7520 3924
998 1290
1895 931
5840 2037
8354 3289
1535 570
4880 2662
9749 2693
2740 1722
340 1980
3898 1989
7714 4286
3186 1743
8176 2921
3332 3313
975 2269
4363 1261
7440 2721
2577 945
9293 3461
3989 2289
1632 2918
6016 3094
4486 2701
9409 3527
6457 3388
165 3581
9378 2152
6978 2205
6305 3554
7922 2121
7068 2736
1587 1956
2972 3516
9780 1650
1278 1660
1688 1057
4435 1825
8829 4426
5492 4064
3122 2226
2404 2788
7112 1579
3655 1644
1341 4227
1108 1632
9391 2206
4440 792
9228 2385
6703 2969
5707 2795
8332 2261
5411 5816
8961 2499
1462 2023
3364 1524
4862 1813
8472 3275
2061 2423
6308 638
481 774
5479 2109
514 2242
1368 3454
7429 203
8100 1852
8596 1834
6390 3662
6953 1380
1195 3016
4705 3095
1042 2568
405 3050
7215 3478
8602 809
6724 1610
6844 3293
4586 1925
7249 2107
9113 2035
9478 3223
7314 37
2418 1384
4825 1906
1392 4169
9642 3217
1957 3972
2328 2884
8597 4874
1332 2946
624 2238
7195 2766
65 2670
4193 3099
7145 1996
6974 3095
4629 3702
5257 3226
5852 1580
7486 1706
581 4003
7498 2478
9913 887
7687 1764
4399 2475
679 2144
1464 2759
6770 3717
8371 1804
4627 2047
9107 2883
4057 2293
5708 1575
1769 1325
1530 1625
2032 4144
8719 603
7334 1754
6975 2251
9194 3518
5855 1413
5912 2907
5171 3033
6144 2349
9904 1408
2596 2909
271 2593
8932 2278
4692 2143
8422 2070
5016 3541
7266 2022
1879 2820
2288 1839
4913 2037
5570 605
4519 747
6916 4079
8430 2336
4625 1271
5351 385
5672 3167
6511 2611
1492 2497
7207 3169
2386 3371
2452 2136
690 3767
120 2854
3813 3570
5917 2603
3069 2652
4090 1154
8917 4068
7262 1911
2641 1950
533 1558
5335 3018
2106 1999
7362 3079
6279 3781
8184 2918
2419 1012
5691 2089
7919 4177
7595 2309
7662 2244
259 2325
4029 1760
9170 2080
6672 3165
7297 3494
3627 1442
8268 4291
4311 1828
7688 277
5179 2516
2833 1250
1803 1888
5792 2906
1685 2004
9594 2327
9718 865
6773 2349
4473 1726
7254 2832
4242 3379
3037 3566
4628 2378
3837 2087
7986 2383
900 2621
6380 3132
6900 2591
8884 2608
7243 3891
8489 1282
2778 63
215 2814
3305 1482
7729 3989
7845 2747
870 3117
9238 3558
5901 3204
6266 2708
2662 1540
9372 2628
3427 1923
8357 4611
836 1380
616 2457
7058 2744
2801 1860
2361 3498
7748 3782
784 2322
7809 3268
2311 1206
1711 1801
9262 898
3657 3122
9160 1267
3971 3886
563 2361
7421 3128
3397 3368
2351 4157
1403 2038
9476 2650
5077 2595
3936 2439
9855 2418
276 1307
6072 4102
7187 3931
6452 1990
8478 4247
731 115
4588 1690
475 486
6756 2312
5546 1055
6359 1523
3429 4135
6690 3153
9617 2828
5958 2914
3730 743
5954 3769
9330 3568
6649 645
4617 2467
8818 2650
1693 404
28 2599
3039 3013
1917 2529
3439 927
6673 2461
1234 1321
5063 1920
4390 3596
6891 1397
448 5460
5364 3232
2295 2386
2469 3803
6350 1121
2262 2037
6747 1372
5895 4058
4860 3792
5882 1828
7099 1713
7534 4028
6858 3580
1757 2416
6586 2589
2384 2790
2451 3946
6298 2693
8630 1803
6459 2649
6096 1156
122 1174
8680 2630
2851 2912
2804 3369
573 3005
7680 4588
2687 2659
6702 3009
6474 4082
9070 3884
2033 3367
6516 1457
2822 2815
9125 3741
7979 1899
673 1507
6103 3867
9599 1860
9455 4567
9694 3007
7892 3545
1424 3084
9186 3907
1009 2265
9089 2377
3408 2719
9324 2397
1633 1456
1806 2471
702 2535
6213 1525
8234 3034
8204 2553
6575 2675
7949 2859
2087 4226
4378 2922
9990 783
9078 2653
4750 3355
2547 1275
5350 3840
5064 1580
9155 2701
4284 1957
8299 2887
3235 3275
3105 2452
5272 2981
9449 2869
7410 1575
1327 2593
9817 1697
3774 5182
9858 1750
6907 2005
9842 748
5239 2123
8373 3320
6985 3222
1169 3106
6160 3557
6236 3022
6304 2226
8309 1124
2129 2133
3296 3756
6576 3484
169 3434
9417 1770
5724 2135
2954 3745
6169 2439
9888 2459
3716 3058
2420 3669
4774 3476
6585 3725
9012 2329
6191 2893
2076 1974
939 3107
8821 3025
207 3854
6082 1948
9172 2213
7582 1215
7597 1973
897 3780
6046 2825
7512 2970
542 2847
7762 1804
3279 1299
7435 1875
7643 1963
4421 2598
9816 3378
2091 1344
6612 508
361 3872
5759 3860
636 2243
8118 3527
140 2103
5668 2715
8391 2241
1165 1668
3859 2906
6671 1916
3331 1473
9746 3049
2958 1185
6754 5576
8073 4716
2692 1353
6029 3380
9381 2414
99 3403
7146 3675
2850 2707
414 3621
7551 4038
8231 1806
7182 3385
1098 1155
2098 2501
7299 1677
2603 2612
7849 2182
2542 2914
9264 1816
7357 2289
9625 288
6510 1635
3701 2510
6391 1922
3310 1355
258 2464
8510 3873
578 4132
450 628
6499 2148
3628 3101
554 1788
8983 2849
6721 3195
7095 650
9997 3832
8850 2212
8131 1933
4030 2250
3616 2201
8409 2034
733 2434
8578 1975
2054 2843
9436 2320
8815 2269
2124 3437
4901 1600
8488 2119
7167 3687
5800 1908
9873 3848
4658 2605
2663 2898
1319 107
5300 4286
3970 2415
3737 1259
1387 1128
1350 2443
9204 2619
9306 1756
9560 4484
2562 3225
842 3058
8694 2243
567 2564
9479 1737
3216 2325
3608 2131
8192 2385
3990 2762
9975 2875
3760 1822
952 2210
9021 1244
9823 544
799 2988
1284 2699
4131 3032
170 2227
8384 2364
2512 4658
9951 2447
4305 1735
7244 3527
8366 3717
3431 2583
1725 2701
1705 2201
8564 3110
354 3049
5154 3646
8226 2254
9277 3694
6331 3465
7508 3694
1423 3034
367 2964
1832 3770
3326 2935
3673 1898
2580 423
2611 2631
88 2785
285 2865
6898 2041
4081 2434
427 2612
3833 2007
748 2544
6104 2619
5095 3846
4003 2208
9220 3236
3261 2322
9255 2395
8837 3655
7754 3853
5584 930
2942 2945
3386 1057
4569 1726
7006 2394
9048 2637
7481 2791
5579 3327
2063 3578
3367 2573
4653 2021
7230 1816
2508 1766
1326 1119
913 1420
4585 2501
1572 553
2677 2461
7888 671
6536 1098
3118 2166
2103 3594
3404 1275
7937 1705
3945 1557
5658 2633
4769 3953
2553 2314
5426 537
5968 638
9399 2564
8682 1622
5170 3398
9684 2088
8304 1678
4549 2644
9544 2466
9252 3417
3695 1692
8817 1258
4128 2987
576 2651
9623 3349
8436 2587
8177 3831
6874 3147
362 1088
5599 2620
9305 1147
2873 2546
6865 2183
490 3231
9463 2433
7694 2295
5378 1646
106 3545
5780 2315
7735 3072
8546 2430
2495 3541
4025 1759
1554 2568
675 3223
6939 3088
5521 1959
8750 2904
2030 3648
6731 2519
7931 1759
7740 2959
5969 509
4896 2042
1507 2095
6355 2027
641 4201
1605 2213
6343 2230
3604 3319
9010 3710
8705 1062
1268 2740
6529 2335
7851 2682
5306 1788
1125 3753
7309 581
2274 2029
8050 2822
2532 2501
1802 1974
12 3565
7588 1782
5500 2822
4203 3367
5669 2108
8469 2028
3412 2253
9535 3177
6322 1457
2653 2585
4794 1848
9493 1057
556 1586
5993 2263
4424 1265
2 1185
5444 3440
5143 2273
9870 705
9235 1840
2908 295
8858 4380
8167 2071
3199 1559
5392 3114
949 1464
1644 2907
7430 3682
837 2501
3241 2532
7324 1041
5176 4772
1211 4063
4678 989
8144 4155
2317 3268
2436 4507
8804 1529
4529 3407
8835 2256
8793 1650
7200 1034
415 1734
3713 3104
6632 1532
8085 2687
6625 1871
9029 2016
7608 2177
7716 638
685 3510
4396 1454
4684 3464
1635 4017
6273 2898
7376 4119
4777 1086
7148 1809
6590 2827
5021 4127
132 0
5074 1755
2689 4192
2357 4226
9962 2221
8997 2829
1965 1832
2255 1439
8439 3484
3240 2254
1414 2434
2253 2123
3472 1613
921 121
1837 2286
8999 1862
1823 1760
9343 4759
7352 3051
2940 4090
4439 2744
8014 3135
4968 4369
3145 3422
3383 2846
4960 3632
222 2578
3098 2951
5594 3261
3171 1151
772 1520
945 2728
8190 826
9460 2466
7139 2164
8383 2283
7877 1054
7087 1840
4325 1952
5990 1366
5995 2954
4116 1079
7746 2814
9023 1955
6052 1694
2978 3367
13 3093
7601 1501
9763 4157
246 2842
7567 3414
2236 2842
2422 2803
8306 1169
1158 971
195 3608
3334 2857
4060 3006
3527 3135
2797 2472
2666 3391
1436 1562
4783 2648
7322 1945
269 4331
5627 2566
9006 1718
9524 3357
2036 2185
9465 3277
7963 1350
2571 2813
6561 2332
7442 2101
8457 664
4086 3347
2750 4353
3869 4138
334 2164
1862 2419
9176 1332
4636 1955
4930 738
4218 1341
9575 3266
4638 1731
6776 3166
100 2092
3855 3411
7059 1990
6613 2964
814 3279
8978 3082
9692 1665
2517 1159
2223 2016
4921 1883
3470 3604
8601 4410
7379 2873
4772 3085
8471 4061
7048 3838
1063 1896
9660 2580
4525 2584
6036 3070
333 1384
6539 2035
5603 3504
8363 995
3120 1627
708 2508
9091 2095
4103 3147
5992 3137
7355 1997
1511 2926
2447 3516
6566 3285
5804 2176
3505 1776
7797 3029
4656 2560
8264 2891
4501 415
648 1126
9446 3501
1193 2604
2876 3478
6150 2336
4330 2966
992 4061
1836 3066
5513 3282
4485 2625
4479 3113
2310 2437
4170 2771
9472 1808
6317 2147
8241 3308
8206 2147
290 2824
1184 2907
9967 3198
3357 1780
6031 1755
5753 994
2803 3081
316 2728
5423 2895
212 1664
8334 2680
8087 2362
2174 3345
5857 3754
9452 1485
4372 3034
9734 3494
5736 2879
4319 2606
7152 3049
6520 3770
5034 3617
928 2828
3192 2788
2749 2159
2387 3121
4028 1941
1927 1763
1541 1907
3755 2297
6374 2325
6445 0
3134 2407
3958 1902
3 2336
620 1427
4253 1688
7524 1182
3001 2825
1269 3403
517 3983
3169 1120
6039 2058
5130 2912
7916 3902
6906 2627
3062 3730
6258 2140
4870 1527
7223 2373
9725 1137
6973 1312
9840 3653
4761 3150
3594 1726
8786 3972
9121 2293
3858 1165
8511 3454
5547 2577
5242 2556
3941 2947
8474 2538
6384 2533
327 2369
2894 323
2842 1340
1866 3964
1016 4089
3891 2883
3459 2357
4711 2145
982 2804
7887 4037
3102 2593
177 2265
4031 2304
1347 1897
4989 3475
7706 0
551 2813
9744 2175
5164 1434
1968 3188
9930 3384
8579 1948
2324 1766
1021 2317
5363 3785
8273 1456
6864 250
4333 2893
1463 4035
9933 377
8603 1848
7947 2857
1041 4190
7341 4217
5802 3672
7942 830
5080 2656
4982 2999
7836 297
464 2842
1292 2668
5819 1380
9177 2916
2028 2587
1826 1777
5615 1033
2204 2097
1405 4747
5527 2359
1778 2535
1312 2129
3489 3249
2017 2079
3381 2968
2650 3899
4676 1770
1924 440
9610 1660
3418 763
8340 4180
6436 4209
423 3328
4317 1990
5928 3765
8498 2696
3773 1472
4162 3318
7124 3237
3087 3586
2186 2669
2179 2715
6478 2656
3303 3995
6188 1969
8724 3181
4082 4133
3401 2759
6719 2266
3974 2983
9056 4291
8636 3478
1885 1587
5761 3435
3045 2171
9569 2946
8382 1790
9541 964
7129 1227
1969 1615
8312 3390
3610 3250
1115 2866
8126 2823
1354 3529
2635 1976
9673 1097
8623 2170
9395 2045
6329 3876
6666 2598
3255 2952
8423 2626
3015 3633
8515 3540
9895 3261
6187 1354
796 1333
9510 1339
835 2731
9881 2275
1112 2071
7900 3160
5132 2060
2019 2847
5088 2912
3072 2831
1419 2142
8120 1844
8519 1386
2993 3332
3566 3286
4109 3149
3304 2426
6569 2709
7764 3016
4665 3299
8385 2299
3506 1484
8388 3847
1121 2925
9504 3844
8295 2539
538 1202
9854 2995
250 1733
1372 3264
6051 3232
4683 2230
7327 1259
9955 2735
9884 2607
6131 1341
3161 1238
8429 1284
4575 1826
7615 2401
3277 3590
8084 2034
359 3584
3225 3274
7181 2154
5432 2369
2939 3095
7462 2508
179 4794
8561 1622
3454 2847
7426 2288
8325 458
2148 3388
724 2508
5606 2263
5614 5224
428 2768
4381 3062
4430 1952
6862 1435
5341 2198
3567 463
117 2714
3630 2630
8683 1801
2382 2653
2988 2340
36 2534
8698 501
5173 2581
4474 3080
8147 3740
4296 1118
4648 2226
5526 2850
80 3324
3159 1237
7589 3605
238 2012
8266 1655
9152 2873
1243 2579
8588 2179
8982 1266
4939 3685
9283 1673
2657 1521
3789 2785
4334 3012
765 1624
5842 2279
6449 3022
1177 3279
2812 618
6979 2022
6479 1249
9917 1040
2539 1737
8194 2366
1430 1384
4122 2661
8593 1549
6480 3237
7902 1321
2319 1219
456 4464
3612 2244
4247 3086
5146 3735
9756 1262
6821 4214
1078 1157
8732 2313
4336 3422
6159 1651
1452 1825
5134 2754
1079 2125
8008 4242
4411 1938
143 2404
2664 2238
79 2266
4022 2797
7245 2015
4916 1847
7353 1776
2772 3458
4358 3000
1299 3149
9126 1800
8629 2981
9136 3585
5743 4041
3183 1248
5407 3966
601 1359
3336 1295
2263 3091
8109 2852
7689 1616
8669 4040
9953 4534
6621 2701
345 2745
3839 2456
8240 4126
1607 2912
3077 3065
9236 1622
7030 2681
7392 3429
9512 3290
3050 2825
1987 2783
3508 1811
4283 2895
9312 3270
5004 2057
9080 2061
566 1938
4471 3008
6220 0
680 2113
5647 2050
8068 1404
5286 2598
9905 3193
9166 2891
9739 1728
107 2790
9519 1542
9202 97
5031 2275
6043 3060
4097 1648
9068 2413
1694 2611
1840 1858
6252 4098
2088 512
4518 465
5321 1793
8951 2320
5996 2482
6853 1683
8621 1643
2416 3362
7172 1929
8220 3340
580 3763
5637 3001
3080 2812
3176 1623
3106 2263
2672 846
3597 2271
4463 1630
3683 2895
4834 1321
7547 1941
5775 593
5717 2514
4143 3546
7454 3439
5340 2862
214 3585
1869 2757
894 3232
5601 791
4596 3002
7758 2732
4434 2316
7858 1511
8693 2640
451 2612
5826 3748
8633 2041
8730 2828
4505 3217
2051 1807
410 2897
5262 1940
5889 4616
7405 2460
5758 3486
6547 2217
49 1539
3652 2654
3607 1017
1045 3525
3133 2399
5920 2146
3379 3170
3391 1513
8767 3521
8058 2985
4290 2867
7532 3212
4886 1409
4397 1659
8229 3584
4139 2940
7518 3188
1293 2783
9703 2672
4595 2832
558 3341
8248 2449
6557 4150
5778 2187
69 2182
1829 4268
5979 1444
7065 1704
4407 2483
4141 2384
7029 1289
1311 944
6209 950
5147 3351
4470 847
2355 558
7813 3178
9969 1733
9161 932
8935 2313
1718 3027
5967 2139
1139 1296
1931 1458
6114 2499
6079 2425
467 2188
6181 1697
7756 2543
8792 2238
9281 2518
617 1850
2341 2128
2280 2952
9316 2551
1536 3587
5864 3238
4206 3668
8522 4299
5041 2152
4299 2963
5381 4011
2373 1512
2938 2477
4878 1148
3203 1408
2196 3912
1027 3595
5551 2807
4624 2186
8988 722
9836 2836
7003 1332
4735 4353
7552 3278
7783 1452
2704 3046
4389 3952
9339 2100
9680 3968
9459 1859
5453 2658
172 2593
9437 3133
3868 1103
8222 1363
8513 1246
5152 2431
210 3118
794 3398
1997 1750
9351 2828
3516 2226
7670 3418
382 3470
5212 2576
729 2669
4469 2475
6982 2850
5498 0
6934 1938
7483 1604
1493 3356
471 2739
4337 3402
6712 2297
5522 3761
3420 1919
6988 1601
114 1965
5962 3353
2055 1942
1408 1920
3950 2858
7853 2241
3678 2150
7651 2287
2914 474
2286 222
5400 2782
6023 3442
289 3353
1800 2096
3999 2192
9614 276
9946 314
8742 1517
1930 3076
635 3217
3473 4288
9834 1387
297 2363
6163 3864
907 4053
2248 2669
7335 1403
9036 1879
2243 1083
1077 2387
1762 2459
2354 2633
1865 2755
3274 3014
2356 2409
5464 2290
858 3141
4872 1402
3195 0
547 2320
6451 3562
3687 1687
3767 2364
8041 2342
1986 2279
3448 3790
3285 0
9772 4620
9548 2193
5247 4809
6877 3319
1839 2690
1313 3463
5053 4078
758 3975
335 3040
8906 2002
8707 1652
5158 3207
4084 3873
4270 2382
6832 2758
7860 3151
8245 3174
8508 1022
9498 3026
6609 915
8503 3067
3710 1487
1852 1780
5187 2408
2961 2613
9581 4298
9774 1929
560 2403
3457 2475
9631 3243
9307 2205
9658 369
5465 4474
357 3552
2987 2761
2283 1800
4342 1847
2975 2050
6735 2638
6328 2302
7485 4313
2788 3874
5357 1199
6455 3464
8484 2081
3193 2426
1906 2477
5680 1017
5948 2110
4697 1924
4508 2854
7819 2137
7484 2622
2854 1082
2865 3209
1558 1806
9383 3257
4868 3168
9866 2148
1300 3009
7906 1870
997 970
489 2369
5748 3669
6393 4203
6662 2373
5533 1399
1369 3896
853 2885
7004 2628
4102 3784
5099 2436
3467 1792
1180 2446
4401 3753
9853 1291
272 1970
7089 1347
9301 2387
1708 2145
9401 1624
3196 2994
7007 1392
7137 4173
7660 3545
4339 2351
5528 3124
9968 2804
1037 2596
1896 2593
7041 997
8657 17
3694 1734
3327 2623
6573 3228
4 2991
1159 2296
351 1376
3772 3857
7408 2347
9187 1693
1576 3536
2449 3158
8134 2427
4386 1551
1858 2980
9613 3364
6581 3100
7264 2235
2976 2893
4605 1716
9812 2247
409 3213
7734 4277
318 3263
477 1337
7104 2699
9464 2750
1033 4143
6428 2644
591 3499
2601 3782
755 2781
1130 4370
3492 2189
5562 3328
332 2910
3911 4448
4078 4191
6820 2040
2699 2175
329 1555
2996 2414
7025 3123
7791 2023
7668 2833
1945 2066
7760 3044
6032 5496
3432 2332
1996 3745
6126 2541
9547 1791
336 4041
1675 2283
5038 2410
2312 2858
4727 2709
9543 3967
8859 2029
7600 2127
5998 2055
3016 1877
9750 3000
7252 2839
3746 1595
3879 2095
2439 2236
6056 2442
9668 1944
7664 1925
8276 2472
9889 3945
3317 2806
3828 2401
8798 2493
6751 3112
1171 2428
4160 2882
7820 635
9386 2241
6951 3353
4232 3808
1618 2993
9142 3145
4018 2756
8733 1517
4061 2410
1764 1232
189 2018
1228 3547
1001 4032
8954 3900
2360 4571
8450 1586
4034 405
9114 3986
6255 3012
9353 1374
2569 3931
9593 3884
3677 375
2212 2623
3901 3345
8348 3021
8321 1874
4017 3699
3286 3882
3821 29
3994 2320
6635 2135
2554 3317
2277 2524
6806 1859
9229 1630
9934 2671
8255 2918
2525 4479
7021 1197
7284 1354
6850 2096
834 2794
7488 4980
8239 2521
5277 4058
7370 2225
5871 3866
5574 328
1982 1456
2935 886
5808 2499
2221 3351
7637 3265
7123 1195
5884 1534
1170 2064
5265 2090
4992 3835
3081 1727
5620 2558
4487 2982
4871 3503
9815 2612
8703 2939
1529 4361
209 1973
5916 1915
9619 1725
9289 3917
9140 2201
2009 2138
6232 3791
6502 2680
2134 3508
3017 2429
5903 2198
402 3964
6222 4150
9468 2031
585 1375
8496 3454
3656 3467
9065 2507
9233 2837
5252 1451
7823 347
4912 1949
8775 3548
4528 969
1696 2111
7718 1825
9525 2223
798 2351
6282 2584
461 2742
2725 3071
8279 3702
8028 1439
562 2748
1376 574
4578 921
8095 4252
5957 2012
220 2668
3711 719
3561 2602
4814 2379
1050 4978
4848 3525
7776 70
7320 2029
5653 3396
5044 1167
692 3435
2969 3206
6055 2675
864 2856
7880 3364
3022 2673
6831 3110
6779 995
9806 451
1658 3326
7890 6223
8492 1450
1656 1618
9770 2618
4780 2803
4513 1820
1458 2825
2035 1609
3392 3709
6494 2107
2101 2979
8622 1729
2991 1823
9850 3224
6902 2875
6714 1096
3783 2679
860 2041
7360 1111
5651 3763
2588 3681
7307 3204
1863 1548
3315 3064
1717 2644
274 540
6339 0
9163 2322
9885 1341
2892 2865
5388 1320
4482 2903
9598 1883
1925 2979
3389 3360
4374 4246
4137 1105
342 2821
5649 2349
7208 4776
2465 3223
3889 4592
4338 3194
1289 2020
7067 1340
5458 2293
6921 1843
754 3675
2431 1400
2113 3346
8336 3582
4568 3088
2339 1137
4053 2114
9513 3079
1459 2931
9245 921
3765 2376
296 0
2736 3029
9311 1422
5624 2709
4111 3786
5145 1875
2380 3333
2557 1259
6113 995
303 2418
6470 3291
4068 2034
9199 2762
3280 2611
6360 2283
4793 3841
4865 3936
1109 928
3515 2354
2173 1993
1057 2395
9028 2443
5137 2216
484 3752
5509 4158
5092 2479
7571 2299
6377 3087
9440 2677
2411 2516
6146 1955
766 4208
5302 2815
3341 1231
8659 1461
5518 1210
4978 2244
9024 3387
1824 1959
8093 2743
1988 2612
1502 3172
5611 1310
8094 3045
3150 2500
6654 4301
6053 2432
1344 1624
8270 2481
8916 5066
4602 2021
793 1632
1763 1914
7768 2633
8490 2351
5797 2238
3533 1815
1964 0
432 4477
5349 2628
8284 2003
965 3792
7631 882
8527 2751
2402 2665
1102 1812
2980 1638
8568 1972
7712 2567
1774 5208
4976 1400
561 1926
9771 1796
4910 2899
4478 3671
3356 642
8403 1757
9727 1930
3692 3563
2157 1455
7473 3285
2160 1223
2305 3651
735 3220
807 2049
7164 560
6112 1320
1539 3288
3074 2610
8043 1670
5157 5385
1126 1966
2111 1637
5121 919
1612 2366
8079 1904
6623 2049
6038 3333
8975 1460
3667 729
8691 1823
6385 2418
21 3036
3402 4295
4631 2991
5390 4180
4065 2818
6392 1605
8667 2619
1870 1600
9173 1516
6737 2057
401 2880
3733 897
5182 1783
8030 3441
832 2336
4721 2635
9291 3045
7843 4226
4961 2647
8968 1916
3557 1976
6652 3429
4329 2836
7728 2579
1952 4585
3810 2553
4599 720
8618 3889
3903 1759
7045 3751
6913 2533
449 2253
8631 2762
8369 2800
896 4025
2492 4372
6896 3276
5634 1497
2714 3693
8238 3317
4687 4169
3589 1719
8928 2460
9988 2477
4001 2057
1690 2928
5503 2346
4280 3122
2945 1767
2417 2969
4010 2178
1660 748
7840 2921
4492 3530
4427 4323
543 2086
7944 3157
8482 3346
9123 1439
5112 2975
2188 2577
6261 3618
7790 3304
8502 3720
2264 2645
7141 2316
8877 2496
7057 2363
9531 2471
5769 2450
3995 3207
7970 1993
7620 2668
8163 772
4893 2677
1235 753
7691 2097
6306 2917
4760 2101
6617 4015
4620 1186
687 2261
3500 1901
4612 2580
8757 3342
7875 1503
3887 2878
2600 3092
4674 3655
9989 3299
6631 1418
2162 1663
633 2378
4223 1680
5193 2273
5745 2065
893 1766
6551 2722
873 3198
4539 3388
4251 2701
534 2682
9755 1869
5336 3371
6042 3064
5462 2038
6599 1387
5269 2362
1426 3251
7346 2936
2258 2740
4557 3470
3322 1225
2523 2407
4190 2464
8671 1859
9906 1809
3554 2070
3204 4840
3714 1941
7576 1659
7457 950
2181 2255
2681 1148
9720 1435
5628 963
5221 3644
5859 3287
3802 2850
6264 3520
996 3255
9212 1567
9860 2175
3922 2207
6396 682
7096 1755
9450 636
9427 1620
1599 3148
6024 633
1636 2721
8744 3736
6786 2291
1152 871
4000 780
2952 3083
3654 1627
1941 1620
9156 4601
7206 0
3872 2633
3800 1742
7349 3483
1410 5255
1795 2849
1224 3045
2073 1151
3895 1828
3512 2970
7827 1901
6841 1858
9521 1559
2021 2434
5000 2042
6288 3785
5762 0
7086 782
2604 1649
1559 1044
9349 4261
5984 1692
4315 2498
8507 3392
6341 2045
7221 3525
1483 2946
1388 4097
6734 3477
2733 2819
6426 1788
2806 1562
9060 3199
658 2996
1454 2182
4811 2962
9618 2800
152 3399
55 1310
389 1804
2408 2637
4035 3830
2766 1323
7286 2332
5838 1906
7632 3137
7201 1598
2885 1998
2453 2467
1776 2233
1848 2166
2918 3781
2058 3088
6814 1465
7507 2430
9941 2465
6604 1826
1191 4570
6410 1492
2563 2058
24 2061
2825 4679
862 2838
5315 1325
3466 3249
6450 4112
6667 2485
9893 2219
4042 4411
8573 2559
9726 2397
320 2565
8381 3790
4048 3345
7248 1796
8059 2196
9271 2926
4359 5504
2636 2369
6606 1295
9686 2256
4454 2302
5568 1937
7627 1831
2671 2257
5938 1195
7166 3127
2649 2244
5728 3458
2041 2525
108 1393
3998 3722
7472 3498
1747 2772
1827 4790
1789 845
2536 1997
3784 1794
3359 1122
6917 2312
3740 2570
8287 3616
5126 3797
3462 3013
2780 2445
5376 1444
9274 2265
7894 3348
2374 1495
5043 1222
5178 2289
5227 1464
7917 1451
8121 2809
4092 2897
6464 2223
2082 2223
4462 693
3453 3221
8814 1928
8151 2857
1495 2314
5127 1991
8787 3039
8203 3411
2062 2131
9382 1126
4144 2541
3011 2686
6519 3483
2290 3939
6357 1978
2071 2671
5818 3016
1287 3425
2381 2900
1065 2615
5022 3831
5319 4412
8606 1480
5872 3482
8805 2261
8660 1865
1455 2357
5207 3925
8199 3512
8800 2009
4369 2179
9672 2843
4542 2514
2615 2248
5796 1242
4792 2053
4635 1844
6505 533
241 2686
526 3448
3820 2261
6856 3013
7348 1900
2753 2022
5561 2675
1780 5030
3825 3005
5879 1970
9540 3084
2456 2358
6782 1460
704 2146
3725 1624
6989 3813
9732 830
9740 2203
2150 4311
34 3034
3239 1493
5133 2893
9347 1780
1383 3341
2202 3936
5487 1384
6518 2567
8377 1840
1099 1619
4973 3498
2500 3346
314 2065
2533 1987
5575 3849
810 4157
6598 3724
8895 2595
8435 3054
3093 1775
7587 1701
6740 1651
4831 3118
232 4815
1449 2078
5975 2895
9206 2647
1470 3205
5959 2148
3100 1000
8599 846
9615 3002
105 2480
6976 1804
4036 2458
29 3391
8871 4866
9561 1885
9318 2895
321 3504
9960 1112
2501 28
4279 3593
1807 3390
4445 2689
3449 3586
2937 2342
3646 1691
8557 1956
9837 4736
9105 2367
4699 3998
4546 2425
2140 1041
5398 1615
2415 1629
7479 4149
2345 3980
3964 2498
4942 4229
5893 1661
541 4687
8445 1846
5366 3793
4041 2726
6081 3240
2667 1989
4790 1366
3708 2626
529 2407
904 2638
5119 688
8453 3801
299 2319
6506 2680
7292 2362
23 3578
8627 2577
4679 1170
85 1568
6987 3405
656 2863
3681 1075
9735 1833
8755 2483
3437 1226
3763 1946
2282 2227
734 2181
1590 3499
8945 1567
9461 2500
4437 3786
4891 3619
4587 3331
7417 2724
5197 1273
5006 2210
2401 3225
7016 2152
4810 3139
4410 2894
1123 3900
6788 2442
5858 2110
5902 369
2487 2992
3910 2433
4021 2637
653 744
7861 2939
3097 2549
7701 2783
8714 4126
6962 3092
46 1421
4169 317
4265 1939
5440 4185
6069 4261
8615 2799
9923 2828
5978 2619
9515 3528
9096 3852
883 4193
1359 2573
2344 2225
7850 1792
9809 3470
1727 1069
7975 1815
2872 3443
4771 1715
6006 2933
159 1273
9506 1336
324 1155
6725 1395
1638 3788
4332 1720
1556 2497
5678 2224
9282 1921
6315 3441
137 2064
2613 4079
3675 2959
4467 2196
8801 2681
5495 2421
7277 2777
6857 2343
7283 3438
2670 4710
1818 2543
254 926
3503 1361
315 4002
5017 2535
5196 3715
3890 3381
121 1843
9698 3510
5548 3300
6145 150
1534 2284
4737 3034
4940 2187
6629 2263
249 3241
3109 3623
51 2525
4994 3396
1465 1273
5972 1996
3641 3387
4813 3853
9682 2304
2047 1508
4950 2258
3091 2661
6823 1268
1400 2418
3864 2486
1353 2576
1692 2347
9537 1524
6484 3931
3724 1494
4859 2609
4326 3157
1736 2489
1856 2617
4553 2361
7413 2934
882 1622
4530 1828
1270 1795
5240 2603
5268 3391
9829 2110
4817 2689
6085 1813
4803 2879
7872 1455
2701 3841
1770 2191
7857 1912
5289 1115
2890 2312
6991 4721
2598 3413
600 3168
2297 180
4100 1457
2899 926
8097 1579
4431 2802
5174 3797
706 2404
5271 2703
7605 2881
5659 2990
7542 2055
4456 1252
5408 1950
7546 1217
6706 3061
5081 2318
1867 2547
8318 2204
2868 2471
101 3469
2620 2856
2860 1203
218 1885
3482 2364
4856 1496
3629 2996
7711 4362
2478 4935
503 2954
4236 717
2796 2798
2879 2429
431 2176
3293 3570
4763 1540
1872 1238
4632 1700
3747 142
5866 2972
5811 2319
1625 1974
3539 4514
7224 2095
3262 2992
3640 1666
2584 3167
7396 3140
4728 3255
5418 3108
66 2038
3162 2394
3219 3246
5414 3713
1606 335
3720 681
637 3107
4651 1618
8173 0
3082 2907
2463 2037
5789 2898
583 1692
9102 2662
6901 3165
3347 3145
9916 2886
596 1858
4277 569
5600 3464
6637 2590
8060 5575
6564 4564
339 2274
4250 2953
4564 1397
9101 3826
6997 2692
2432 3945
8420 420
6554 1891
7606 2749
3983 2164
2016 1370
9743 2396
9439 3915
1902 2993
5447 2191
5541 3467
8785 3701
7883 4389
1619 1826
7218 1157
3896 3039
84 2649
8900 4021
2943 1740
4327 3010
7358 804
7592 1355
127 3206
3718 3327
7934 1508
2637 1898
2214 3188
8749 2593
7424 4004
3664 1287
3233 2097
2896 1663
6301 2956
3956 1415
6969 1984
8349 3112
9369 1993
3117 1855
7038 3702
8780 3090
7298 1484
7419 1129
129 1872
8487 2549
3406 1366
2039 2769
6148 1703
4294 1634
4892 4037
1397 2623
5839 3221
839 2062
5393 2230
9957 2624
7402 2230
7908 4150
205 3750
7985 3161
3414 2073
184 1654
2079 2048
4158 3456
352 1755
4244 2418
908 2604
1401 405
5094 2364
3036 3404
1377 4206
6697 2255
56 679
5050 2097
7156 2118
3546 4234
4703 1815
8872 3222
7618 1818
3575 1267
4724 3332
6843 1649
7755 3226
92 2453
8849 3684
991 2091
203 2232
7818 3295
1683 2023
2888 2387
3685 3882
6335 2124
6912 2073
4785 2332
2203 1865
6014 2021
2209 2718
5597 1040
4106 3755
2237 2404
3005 1965
5605 1304
7989 3477
6088 2073
6790 3198
1232 1296
9082 3364
6883 3060
8520 2657
8114 2448
1948 2087
387 474
1889 1411
2827 1764
2862 2458
5849 2484
3494 2071
4555 2617
6147 3185
4364 3017
8465 5032
4712 1866
8896 2311
9999 1605
8140 4152
987 2394
1236 3008
3669 4114
9216 2104
4267 3636
7719 1906
6247 3239
8410 2387
8958 2428
8326 486
9832 4085
5966 1964
7456 1716
3344 3994
713 3551
8538 2241
3029 2418
3819 3434
4323 2936
8661 2219
6125 2464
3180 3154
1594 1490
1514 1739
7227 3818
2165 2234
3931 1403
9254 3166
4151 1279
8729 1384
8994 2556
72 1449
5749 1274
6297 2833
7846 4008
8012 3500
7630 3495
7744 1269
8401 4400
1204 3434
5032 3395
8585 2748
6044 2655
5355 218
8799 2266
3485 3934
1533 4268
4669 2038
9655 3553
6274 2684
5735 1587
5722 3073
3803 2253
5256 1492
1489 2530
2925 1181
5002 1885
3426 3915
8612 3747
5140 3851
3445 3069
3781 2425
790 2905
5617 2761
6750 4277
9633 1677
5383 2918
2491 3102
752 924
5847 2151
2352 1106
3000 2572
9929 1948
4745 1074
1475 3517
3413 2093
4425 2832
6645 3933
3698 3813
2674 2381
5153 1717
6242 3365
330 3634
5026 4293
6018 2351
1959 4447
855 1326
1020 2112
4652 2159
3814 2059
7094 3040
7204 2217
7160 747
4751 3397
7347 1018
1117 1701
1525 2124
8186 3169
483 2575
8352 2622
394 1545
8663 1591
8416 3122
9717 2057
9730 584
8170 3055
8768 3293
9090 3439
5837 1640
8104 3264
3313 774
5816 2842
6525 2444
6165 3554
5200 2378
4496 2656
7855 879
6256 1774
2437 3178
9025 4300
5334 2546
7594 3676
2886 1433
9201 2829
980 2140
9491 2852
8715 1029
8172 1634
7859 2631
4198 2610
2185 3759
2639 1874
829 3574
1355 3374
1337 3478
4140 2066
5976 2522
4308 3090
3706 4109
2785 0
7220 1994
1058 2608
194 1162
546 2122
5471 2764
3624 2835
8419 1594
6035 2697
3523 1853
8870 3414
6789 2006
4335 2036
9514 3101
9414 2043
5934 3987
3302 3003
4085 2360
6852 3131
2561 3355
1371 2637
7697 1727
4200 1751
9361 2268
8543 2910
9898 2893
6314 2852
5427 741
2005 668
3478 1719
8695 1217
8313 2236
5830 1657
293 2256
8736 3055
7315 2110
8006 1437
8897 3822
399 3589
8256 3280
5429 1787
4730 3003
3468 2555
8278 3134
822 1878
1437 2653
3979 1753
6167 2458
8424 3265
4052 2804
1132 3412
8760 2181
9327 2394
5106 3336
8112 2461
3061 1798
2497 2881
6728 1810
9811 1685
7612 3669
4562 3026
5018 1865
1805 4238
9897 2292
3078 2065
5202 3125
5149 4954
6700 1677
1676 3058
2127 2335
2472 1228
8345 2318
5801 2317
5692 1352
2800 3635
7122 2505
3762 3341
7585 2527
9288 3570
1703 1596
5757 3220
2075 4015
5791 4762
6175 4563
2688 2591
5987 2172
4400 1118
1720 3439
7675 1318
323 2862
364 3338
5506 2832
6563 3185
5245 3681
8987 4332
4180 2434
6313 2283
8550 4062
4953 2856
6677 2766
6711 2429
4967 1100
9017 1020
6375 3698
5278 2106
368 2769
7817 3223
3795 1393
5186 3453
1563 2196
7443 3359
8855 2145
161 3357
8536 1404
8563 4513
8938 3442
5404 2309
2261 3341
1172 3074
3857 3423
6416 2443
7731 3049
45 2272
7933 1657
4227 4440
9574 3271
488 2613
1592 1335
317 2318
7157 2741
1553 1904
3676 1939
5734 2771
3980 2446
785 2665
2187 1315
4385 2702
5330 2139
6496 2892
3335 939
9443 1449
3452 1939
6289 2988
3968 1818
8272 2585
3775 2388
5180 1981
9661 2683
5083 3093
4047 1949
9954 2803
2900 894
5294 1371
5608 3640
8993 1670
7828 2381
1671 1042
8242 2251
1542 3743
4204 1735
8016 1717
4464 2696
1680 2259
7558 1890
4850 3716
1557 4367
3124 1680
3560 2914
6398 4712
7384 1631
8141 2009
78 2798
9263 3546
4986 3091
8039 1276
3848 4594
344 1310
7531 891
7339 3444
5368 4278
5595 3197
9609 2484
6807 3309
6327 1433
9856 1746
7084 1489
4288 2828
5439 700
2694 275
1090 2123
6202 2417
9086 2197
1741 2888
9317 1340
9554 2123
6517 3898
9411 4163
3372 4164
9878 3455
2279 3731
3189 1478
4384 2542
7862 1766
4457 1894
4226 3440
3475 2997
6089 933
5122 4276
5946 3138
826 1214
8735 3424
4050 1916
2948 0
6291 2950
5740 2498
6027 3483
1516 2185
2924 2578
7193 3194
4925 1571
5807 2537
5986 2212
188 2327
6558 2201
7128 2564
3358 2478
1325 883
2023 2731
8493 2481
9979 3071
468 2749
4691 1637
9736 3067
2661 2079
5396 804
7127 3999
6207 4169
2327 4232
5218 3234
3373 3304
6524 388
9108 2461
6777 1374
1609 1476
5118 1693
5648 4409
8727 1528
5894 4206
3834 3248
5040 2137
6592 2703
3878 2544
1691 2069
2195 930
5175 2842
9145 542
1103 2639
9151 3585
3450 3674
1307 2010
9713 3290
5593 917
7422 2009
3299 3152
6668 1515
41 4124
2302 1507
5767 1936
8451 3907
4295 2345
8521 2683
8480 1455
7980 550
463 1274
4606 2513
2511 2455
1472 1240
9722 881
8370 3632
5131 2550
2215 2703
3842 2405
110 2251
8701 3762
3565 3793
3307 1549
5955 1968
8902 2897
5790 2769
1513 1972
3342 2580
1940 3279
647 1839
4491 2982
4527 2815
3785 3772
660 1571
3650 2901
4971 915
1067 2470
8341 1596
5776 2994
5828 3510
1980 2380
7438 2300
3984 1500
4254 1249
96 2470
7541 3416
6876 4084
233 4105
5536 3289
8481 1876
2168 1079
984 3042
537 1343
1640 1095
5949 2348
3787 3072
1133 3012
9507 3977
6812 2105
878 3133
9652 3737
2115 2668
7111 2974
9422 1922
2395 2810
8936 4025
1302 1642
1282 5400
3569 1483
1262 1858
5346 1118
1591 2339
5111 587
3116 2840
2823 1813
2783 2799
6739 3104
4673 2338
4352 3675
44 2112
4266 1500
3393 2775
5904 1895
9454 2123
760 2769
4682 1316
2997 1473
5994 2731
5010 3293
4643 2300
8329 3328
8405 3024
7495 3686
6618 2319
4112 932
1116 3333
1552 4752
1642 2947
4672 2712
7957 2618
5161 2249
4833 4702
3504 3304
4307 1502
7404 3087
476 3451
916 855
9175 4042
5042 3128
5619 4440
8011 3460
523 3244
623 2990
2848 2547
5354 3469
3343 2340
6559 2992
5565 2278
9355 2675
4460 3569
3486 3195
8347 2949
1076 1388
874 3778
9171 2944
819 2948
7659 3867
5276 3824
5485 2135
7387 524
1775 1932
5860 2533
4857 829
5654 2975
7493 1368
3465 2479
89 2635
4603 2904
6664 4170
852 1602
9326 1568
7536 595
8592 3863
6243 1658
2934 1349
9568 2932
2445 1871
5523 2955
4402 1010
6545 4154
175 1808
9588 1900
4558 1702
1634 4314
5854 1473
1825 3025
3583 123
7231 3389
7826 1076
1723 2898
3663 2134
9147 2512
7964 2471
7794 4252
3361 2370
5437 2013
6708 1435
6531 3845
7803 1816
6486 1574
2960 3066
5693 1822
4260 2522
5353 3541
9580 3154
2329 3170
9104 1743
6846 652
7288 3935
2454 2769
5310 2267
5622 3398
1985 2684
1734 1719
7903 1396
8442 2746
7047 2490
7069 1644
6251 1361
2193 2107
564 2275
7911 3880
1849 2813
2989 964
9526 1043
2839 2571
626 2250
7211 3600
5512 3037
3885 163
7373 2128
5831 0
3464 2345
4465 2947
412 3136
1765 3450
1989 1774
3899 2886
6010 1605
5610 4918
736 2734
7965 1800
5497 3443
722 3046
3679 1737
7451 3627
5361 3829
5461 2756
5160 2997
4475 964
1382 2345
6943 3923
4943 0
4907 4285
4331 1641
5415 1668
1845 2936
6454 3202
3900 1286
7278 2586
7848 2503
1179 623
8575 4148
2441 3739
281 2784
769 592
4361 1392
4802 1241
1316 1055
2199 2231
4593 3379
9278 3378
899 4748
1073 1904
1981 2973
1549 2592
442 2587
7943 4330
3525 1298
5148 2018
3175 3810
1819 1737
1898 2163
3410 2326
1921 3959
777 3221
6530 3028
568 2907
5045 3823
5243 2646
2535 3391
5652 1906
6106 658
19 1118
4630 522
5369 2775
3435 2713
1162 3246
2927 2380
2014 1218
6229 1811
8772 2874
4451 888
7961 2351
3143 586
4927 2691
5339 2155
2131 1812
5641 1208
557 1883
4105 1765
2242 3869
6383 2210
2531 2860
8747 2931
3021 943
3297 3047
3660 2488
5737 1467
6415 1594
3897 1093
4309 3075
3732 1246
2869 3164
9950 2882
5296 2677
7874 2079
8013 3552
1565 2066
2859 2035
5087 2868
8432 3400
7267 3225
42 2577
5475 3255
3647 3524
6658 1523
1967 2271
8246 2526
8189 2430
1701 2613
5027 3906
1758 1818
3577 1876
6347 3238
3127 1854
6009 2385
3522 3382
8688 866
6603 2803
4340 2626
5312 4187
5075 1038
721 1920
8311 1438
7572 1717
1970 2420
4274 1225
7051 2287
627 4735
7617 2810
2153 2467
3529 2363
4500 410
5326 3206
5908 1058
6579 1190
9742 3612
3584 0
1733 2598
7674 2342
6944 1765
9879 1164
7250 1318
9601 3560
3154 2198
2256 2510
4842 2402
4758 4365
5941 3802
3079 758
2284 1015
8718 1884
4503 2847
128 3622
3849 3658
4544 3152
9087 3098
381 2710
5814 1193
2222 2537
1297 3043
1254 2338
744 1167
4243 3310
2466 1052
6141 2326
5732 2368
8067 3888
8532 3499
482 1586
8645 2871
3639 3381
1791 2656
2530 3976
9397 2290
5403 3294
4506 1204
4196 3290
4645 3594
1508 806
154 2934
7236 1980
1935 3600
279 2122
7389 0
6758 2667
5868 3637
4598 3641
8619 1056
6296 2577
1707 278
5537 2111
3507 4261
5168 1976
5402 3374
6605 2725
1334 2889
2950 3611
5898 1594
2300 2000
4610 3178
7149 2999
3370 1681
2470 1759
5073 1392
8188 2190
3592 2730
2271 3543
1904 4612
6190 1827
5846 2001
9536 3314
6676 3080
1451 1569
2229 1235
1389 2100
2775 3271
360 2579
976 0
8924 1107
8587 2775
9077 2438
3758 3247
9863 2692
2147 2387
695 1678
6959 53
571 2684
6642 4910
9257 2890
5900 1274
9192 3750
8769 3918
652 1288
2239 2807
9310 1364
1317 1100
3674 3608
2155 2855
3110 1754
6405 3835
4838 2710
1071 797
4129 2006
6594 3967
4806 2798
4649 1668
4639 3020
9180 2158
6994 1872
5515 1916
2013 3451
9963 3016
8077 4355
8756 965
5554 3261
8110 3518
2122 2278
7522 2808
4248 3655
1082 1578
5128 1867
6881 2932
6007 3992
6704 1898
8174 2456
5626 2865
6221 1237
1478 2578
8570 3345
7088 2894
1601 2411
310 3899
804 2733
4633 2965
2275 1837
7237 3550
4240 2191
3838 1614
8925 0
2383 2424
2963 2477
8375 1814
3376 1812
634 891
667 1670
356 2983
4909 1469
5358 3127
3400 1885
4237 2590
1873 1907
6656 2400
5352 2639
2289 2819
9629 1469
2265 3686
3010 2445
9481 936
4681 1510
6168 973
2323 1366
7510 4815
4935 4234
6004 2027
2587 4051
2480 3336
8071 965
3163 2822
2018 3815
8064 1769
6403 1839
9693 3814
9996 3139
1903 2859
6729 3203
9490 2606
9830 1982
1257 3173
9496 5566
7332 1449
9241 3158
8745 943
5030 1548
8441 3103
6110 2576
4150 1949
5812 2519
6793 2948
6365 3143
5566 3382
9453 1975
7639 2374
950 3225
8434 2813
5301 1408
8499 3926
1442 2863
3237 961
4874 2847
5862 3396
9826 2972
9592 2911
93 974
6040 2052
355 2257
1877 1388
5947 3127
7968 2550
3369 3802
7381 2963
4259 740
592 1419
2901 2788
9052 1895
8180 2842
3551 2293
1466 1560
1657 1917
8965 3074
7092 4026
5880 2164
9157 3578
4318 3488
5421 2171
8500 2602
4677 2285
3599 3558
5564 2704
2709 2835
2545 3346
2015 2861
7448 1380
7677 0
6183 2993
5935 2869
6867 1650
3582 1852
3151 1532
9073 1536
3777 4507
1074 2171
2026 1843
8128 2773
1746 3051
7525 2511
104 3547
545 4739
659 2218
2558 1770
9406 1275
5422 2382
58 1439
4466 1016
480 960
6230 3240
7801 1429
7646 2334
7175 3349
7667 1453
7647 2680
2240 2235
186 1428
682 1248
9350 3365
4764 1310
8892 2498
4873 1074
4946 2679
9595 2775
268 2172
8335 242
4545 2152
9164 2192
4216 1740
630 1799
5630 2881
6614 4014
2171 2806
5229 4711
7958 1976
287 2311
4356 1738
3738 3825
6361 1671
9606 2372
9676 3073
9796 4128
3251 2310
1900 1892
5953 4170
1166 910
7999 2010
6352 2005
618 1651
8678 3300
7879 2481
8816 3674
2112 2343
3444 2374
3215 1901
1248 3531
3829 3958
8485 4649
6705 1826
6926 1722
3300 1638
8501 2890
8806 2950
922 4576
1259 1543
350 1954
9528 991
4370 1608
3811 1810
126 4190
1348 3805
2830 2063
7165 2144
5490 3696
1036 4199
4698 2321
4076 852
6013 3824
5508 4073
7055 2680
3104 1930
453 2677
8971 4872
8343 2320
3915 1682
7329 843
1217 4304
7505 1645
1637 3197
8300 3434
7634 2139
9748 2815
8464 1891
6090 3969
1321 3062
7289 2592
7805 2967
8165 2578
4923 2663
4024 1959
8191 1248
4219 3295
4623 2197
3572 2310
7241 1749
6783 3017
2423 592
6074 2058
6312 3390
4799 2105
8346 3358
845 3596
1544 1223
2042 3177
331 3233
4864 1415
292 3512
7054 3619
8771 3080
8301 114
7812 3105
8862 2601
3595 2150
1934 3372
7240 2803
406 2831
9542 4400
2031 1640
6998 3690
3579 2262
5633 2419
6716 1883
4951 2515
5059 2920
2132 1115
8722 2021
1786 3042
4894 3624
1298 2626
7800 1947
1891 714
5951 1685
8027 2771
8649 491
6423 3257
6693 2269
266 2182
9685 2145
5660 3212
3961 1652
486 1415
2968 2738
4853 2889
6156 1902
9483 1597
2640 1845
5534 1465
5456 2078
135 3639
8322 0
1296 2818
7239 3061
4618 2194
9785 4466
3323 2026
2068 1670
7253 2289
9146 2539
4101 3455
7897 3002
1551 2244
9782 2092
8116 1625
2713 1696
6933 3411
6775 2432
7648 875
1603 3455
1253 2081
7173 3419
8396 2341
5542 1530
26 2247
2064 2688
2648 1690
1173 1827
2364 3342
7635 1904
6439 1633
5765 2616
9462 808
5909 1909
7258 2923
5120 2768
37 2683
3149 2652
6646 1861
9249 3036
4383 2337
9329 2961
6319 3399
1641 1501
9492 3017
9701 2641
7503 3135
9246 3341
7131 4622
2167 3798
9221 3207
841 3880
1653 3260
9802 2036
1005 4177
6544 2203
7024 2913
9939 1381
4163 3070
1545 2925
3835 4041
5199 1841
3727 4376
2409 2686
8495 1066
4969 4018
1061 2726
5911 3078
6593 936
2555 2614
7447 2115
6048 1298
9222 3551
4264 1033
5715 3562
2983 3236
7489 3092
8166 2647
6528 1601
9213 2658
6367 3596
5023 1734
9325 2890
4497 987
3826 3496
7665 1318
4604 2568
9865 0
1088 4712
1995 2299
6133 2502
6402 2490
9622 959
4182 1899
8972 3044
8468 2231
2595 1345
2771 2667
5409 3072
1084 3124
353 2243
6437 2752
6084 3386
4609 2146
3976 2983
6762 1509
4731 3287
5069 3441
1427 3511
3815 1902
5441 1927
4005 2771
607 2406
2318 3135
3778 3552
1402 2230
1308 3409
413 468
5259 3003
3348 1265
6663 875
8905 4186
8664 3824
8692 2964
263 3159
1127 3329
141 3713
8136 2446
915 1688
8265 1557
1843 3865
7494 3608
5285 2486
7118 1739
5667 3145
5013 1881
6366 3970
4094 3178
1651 2659
7294 2658
2433 2196
2072 774
9621 2833
9603 3407
5457 1179
9534 1462
6134 2889
2332 3072
1024 794
9733 2666
7579 1356
3790 1917
8408 2669
4671 1412
8119 1973
1336 2229
9394 3248
5288 0
8130 2729
116 2360
9949 3380
1416 3489
5702 1395
7409 3140
8034 1524
6620 2871
4480 2572
7835 1132
2213 3082
3291 1850
8308 4987
5881 2749
6748 1977
4406 3147
519 1534
1432 4646
2566 2475
2821 947
3265 2656
4009 2750
4268 2039
4393 3064
701 2727
8160 2707
9188 2465
6201 2560
2509 1819
4670 4331
778 1716
3538 2957
7984 2291
7235 1351
8716 4423
1738 1863
2936 2769
1698 2531
1810 4650
7009 1645
2781 2677
7071 2988
3601 2633
7863 1056
5711 2011
3455 3324
8582 1772
5419 2828
7192 3727
2550 95
8281 374
2684 1485
5062 3186
2359 2770
5401 2145
2748 1860
9085 2069
2526 1428
809 1241
6293 1595
2617 4078
7354 1498
3246 1572
8791 2560
8637 5317
8583 1920
677 4017
6200 1982
4360 1125
3107 1087
7566 2215
8282 2280
9120 3343
2985 3344
941 3282
668 2626
4690 2714
2782 2935
4252 2686
111 1840
182 2422
9657 1633
9430 2311
6967 0
8584 2098
5169 4325
358 2157
7695 2978
8379 2480
8491 2013
8774 1583
4755 2246
1627 1078
8653 1195
1168 2106
6344 2959
5639 1356
7658 2683
8863 2625
7190 2769
3585 2339
4845 714
4224 1478
6490 2918
2628 3632
1420 1938
9047 2076
1480 733
8962 2352
2881 1781
2911 2150
7280 3694
881 2602
6099 2885
2069 5566
3131 2572
5939 2890
5657 2908
9874 1203
6170 3844
3487 2225
4245 1468
5213 3025
3139 2521
3013 1680
5738 3682
3446 849
7147 2328
5058 2388
8102 3510
8225 610
788 2957
8069 2197
1993 1854
4701 423
4316 1988
8912 1866
9392 2170
3823 4380
1573 2049
2784 2333
4293 1796
6021 2045
6414 3768
8591 3945
5733 1655
7305 2590
7108 2904
6692 576
5399 3071
5035 710
3719 2107
2353 2061
6873 2289
4292 3353
3807 1989
4044 3481
5543 4261
7610 1948
1798 2512
8202 5044
313 3184
1689 1821
2362 2280
5320 3871
7652 2352
2152 3011
9608 3046
4040 2258
261 988
1498 3632
6990 2967
6280 1166
2946 1205
501 2902
9374 3571
6986 2956
9868 2938
877 3902
62 2327
8407 1674
83 1859
5772 852
3271 3171
7151 1518
3626 2482
911 2366
6859 2031
6641 2564
3526 2885
5275 2235
2711 862
3576 4549
86 3333
944 3500
1227 2729
3690 3014
7577 4452
1056 2824
4509 2650
438 2048
243 2546
3253 416
2118 2032
1624 3900
2504 1945
7885 1545
4064 2437
4747 1135
8559 1375
5709 3328
4146 2405
808 2339
8595 3080
833 3779
3047 1764
3618 1433
8045 1556
3827 776
3808 2783
801 2986
4149 2018
6772 4068
3471 1162
4686 765
7317 3821
6810 2344
6763 978
5505 2828
2430 1502
2932 1977
1285 3200
1324 1822
5144 2710
1880 4756
8668 2514
7638 3739
3234 1423
4488 1636
2342 2774
4863 2224
2678 2656
4914 1376
5663 3545
2638 3229
3223 1455
7046 3319
6254 2030
2468 3323
7281 2799
6495 1503
6960 3231
1360 1228
7275 2458
3490 1351
2505 2106
8124 762
9597 3481
7337 2792
9706 1829
5642 1249
1141 1777
7673 1919
9723 1200
8091 2498
4070 2546
5897 2130
5222 1573
6840 2011
2912 2484
709 1304
6448 1179
9084 2475
7313 3117
7625 1133
6075 1518
3245 1910
2602 4456
8088 3622
3148 3762
6157 3151
5636 2467
7562 2460
5827 2489
3325 4279
3113 2982
5486 1272
7948 2716
2138 2491
4837 2896
1038 2288
5679 0
6456 2673
3615 1972
7765 3975
3033 3503
9127 1631
4300 1753
1101 2936
2665 2931
6717 3687
6244 2412
5573 2789
1375 2972
365 2357
6349 3970
8739 2696
1357 3248
7037 3434
4395 3329
5061 3530
6570 1888
2891 2341
4441 2121
5798 4597
404 0
1804 3343
4350 2485
2619 730
1846 2668
8122 3453
1178 1266
1610 2373
9470 547
3918 3008
7559 3394
3528 2458
1340 1988
400 0
4887 2231
4767 2240
9635 2241
5918 3213
3387 3946
6562 2249
7333 2222
6140 4033
6804 3448
3363 3089
2477 2932
5449 1168
2552 1532
5763 2423
640 801
228 2334
9985 2866
197 2291
6149 1333
9016 2228
4700 1898
8421 802
160 2898
418 1345
3688 87
1799 3610
422 2714
1600 1690
4222 1526
6996 1598
740 1549
751 2512
1503 3185
9393 4062
5314 2455
8362 1913
5834 1828
5185 4814
2874 3595
8261 4937
10 1495
5 4242
6268 1928
3621 2478
2484 406
6257 3650
7340 2282
9678 2505
2909 1511
830 3997
7196 2817
6796 4014
9994 2149
3973 3358
7792 2798
8686 2535
4256 1813
497 3836
4959 2356
4380 1804
2089 3320
5582 2602
3085 346
1850 943
119 3083
7464 4187
3741 2163
245 1870
1772 2581
7287 3412
4981 3581
474 1494
2376 3743
7751 2427
1240 2800
8789 2800
1386 2527
694 1700
7001 1206
1991 2048
9927 1981
8514 1576
9405 1587
2703 1635
512 4398
8200 2651
6694 5391
380 0
6661 2386
439 3570
2220 2060
6121 3084
7626 1668
507 3400
76 1793
7276 2968
1790 2528
1487 2590
3012 2126
7350 2628
6845 1403
2544 2838
6290 1202
3141 2266
4970 1739
1613 2406
1648 2479
5076 3204
5965 1009
7216 2903
5671 3347
3288 3793
3564 2391
8288 1977
5682 1991
8212 2340
2809 2729
9079 2231
6744 1266
1486 1776
7070 1459
6115 2579
9572 1622
2303 3013
138 3188
4723 3846
1621 2617
3008 3870
2037 3125
6833 1961
5086 2646
5613 3377
3866 1518
2543 2117
4573 2236
376 1840
2410 1702
8545 4014
3804 3003
8609 2472
9822 3958
5923 1871
7372 4056
4895 2840
6980 1891
3913 983
3745 2010
5100 2225
8974 2537
9074 1139
985 5156
6432 2820
5129 2601
1026 2683
5514 3602
9093 612
7290 2271
5782 1457
5085 2766
1206 3064
4095 2768
7955 3469
8031 3919
3870 1057
4854 2370
2897 2407
2790 3112
6504 4317
8411 868
6890 2217
9100 2872
9098 1695
1147 3082
9778 2873
8910 2960
540 2348
2690 1712
2100 0
1566 2540
9486 2905
6446 2720
1395 2612
6228 1572
9696 1566
8674 2291
5483 3462
2479 2008
307 1799
16 1511
8672 2801
7696 2149
2397 3907
6958 4059
3461 2157
4787 3613
1942 4492
7779 2010
8894 3172
9890 2860
7478 2193
9423 3860
629 2167
5844 1481
7116 1995
7212 1118
9280 1867
1841 2828
1755 3426
4742 4394
9273 2582
1214 3103
1095 2084
3556 1398
3053 2251
3221 2618
9191 1617
6507 1132
7010 2160
3474 3103
5331 2278
9103 3193
508 3241
3224 2149
1244 3248
5394 2312
1309 1918
4713 2218
7256 1249
3201 2317
4115 1978
4754 2691
2460 1659
9784 2522
1722 1902
148 4452
3537 1299
308 4544
1526 3640
6745 1246
7153 1987
7026 2607
8251 2077
9322 3258
3228 2658
1833 1361
569 1594
3852 2548
1532 2122
7959 1699
5851 651
5372 1564
9234 1637
7300 3140
8024 2613
9869 1757
8605 3930
4276 430
8107 4008
4262 2341
4233 2976
4655 3355
5779 2532
4039 2526
5558 2948
6378 3875
9639 2049
6265 2648
231 2315
343 3543
4408 3178
3157 1019
5332 2327
1413 2222
2238 1150
1012 1864
2652 875
6418 814
5768 2383
7720 1429
5602 4225
9690 3503
393 2193
3649 2633
2597 1281
1712 3306
251 2196
6872 2896
8876 4963
5375 3333
9045 1587
1015 2937
6682 1911
5750 2378
2928 796
8103 3038
5162 1387
8635 2325
4282 2487
9162 3066
5345 2307
61 2076
7715 2072
6574 1421
8290 2639
3257 2967
4847 3735
309 2066
6225 2117
4944 4679
3328 2243
9247 1796
9003 1332
644 1548
3498 3750
5666 1129
6733 3245
7678 3221
9765 2379
4552 1939
7519 2173
2537 2869
8137 3646
2520 973
3375 0
7188 2076
9115 1109
6838 2580
9225 1977
9843 3952
1626 2977
6275 1590
594 3093
9415 1049
2268 2871
2336 2112
9813 4009
7778 2842
1199 3314
2490 3484
5151 4353
548 3317
185 2669
8376 2209
81 3165
5552 4002
6286 4147
2004 2740
3250 2400
9643 2570
7411 1097
7142 3219
6753 4046
8795 2119
746 2787
5460 1958
6610 1401
5230 3299
6548 3471
7750 1853
8129 2046
4458 2336
8868 1362
204 1681
577 3833
2346 1288
4379 2389
4392 672
1143 3859
6689 2006
6961 2312
6262 2095
9153 2728
9557 3237
4207 1265
4827 2075
200 2816
9302 2070
1784 4097
7780 1165
7150 2757
9798 1204
7061 2056
1929 2327
5877 2047
3574 2803
2011 2349
2722 3578
6179 2848
9584 3289
2227 2059
4666 4192
4626 4779
1501 1180
6722 2982
8748 3146
7155 4278
2372 2886
3633 1916
9209 496
1176 2395
4234 2290
8056 3770
7273 3523
7452 2544
4422 1593
8751 3190
5906 3002
8941 3755
3067 2108
9555 1548
2875 3024
544 3506
1831 1349
2104 4128
7602 2872
6813 971
9344 1665
1358 3248
3874 3812
1631 2038
7205 2620
844 3805
2056 2372
2493 1004
967 1242
1318 2382
1264 4805
4704 2898
3997 3803
611 3488
588 1889
4351 4039
4918 1168
9138 1871
3757 3215
136 1796
2691 2538
4958 1882
7072 4372
8914 2930
7213 1885
8562 3159
6008 1904
3548 2344
3593 757
6070 4608
7080 2867
9431 1174
7363 1802
6752 3037
2320 3306
3972 3544
7412 2426
6108 1894
5255 1615
4718 1075
7829 3154
7574 2299
4741 3718
7263 2959
6348 1306
2378 1662
4798 3306
7050 3640
4165 2770
149 1467
654 1839
8544 1549
887 2080
3128 3103
5060 1554
1673 2788
2717 2118
7174 2911
8700 4017
7312 323
3909 3242
9894 2513
6553 2267
5638 2202
7604 2183
888 1468
171 3387
9420 934
8641 2581
1578 2588
9932 2634
2455 2211
3927 3240
3553 2884
6580 1609
5629 3823
7544 3173
8428 2132
6927 2331
7076 1140
2534 3849
2116 2124
1726 3724
5219 2113
7628 1762
4855 743
8534 4289
9565 1500
1598 2822
621 2153
9368 3316
8918 4286
1537 0
7081 3943
6362 2832
3518 540
3996 2153
1901 4214
6281 2937
8604 2843
5799 1712
5012 2472
9424 3491
9551 2048
9647 3299
6184 1714
1365 3309
5836 2422
3788 2476
8207 5005
2956 1486
8316 2450
2379 2362
1241 3084
5279 460
1596 1763
1114 2523
8101 3955
7279 3110
3919 2299
7976 2128
7306 2813
338 3498
3703 2862
8989 1046
7784 2634
7186 3046
2973 2929
9553 2086
1345 2532
7397 3606
1194 2204
5795 1238
3908 2482
4046 2709
6138 2478
2904 2847
7884 565
8723 2646
4066 3378
6681 3230
9819 3470
5511 4557
4058 4514
1189 2506
176 3765
4782 3629
1721 2421
9499 5040
9831 3543
6292 4303
8217 2708
6684 2067
5091 4406
6058 2175
1186 2265
5690 2564
9688 2091
6012 2544
6482 435
7445 1196
5125 1507
9677 4208
7929 2181
3138 4958
9128 2324
9828 2359
9061 1958
3065 1068
5681 3982
1218 2015
3881 3319
8643 2865
5560 1567
879 1704
3930 2328
728 1725
4179 2183
9805 3442
6797 2955
2440 1528
7295 2305
4368 3621
8953 1885
4572 912
9445 3059
9509 3896
3499 2431
9231 1979
9467 1892
4285 2920
6002 1305
5307 532
3032 730
947 2698
2929 2122
7878 3007
9653 2107
1356 1005
6142 2207
3882 3987
4221 2061
7296 4244
4185 2791
8092 2037
2291 3474
6063 5964
1221 2340
485 2365
5442 1061
7133 3866
872 2115
9942 3553
3442 1851
9944 1650
2559 2086
1788 1126
3591 2137
4550 3479
3057 1836
4516 3160
417 2739
8984 1536
2235 2223
4753 3419
964 2518
9769 885
2949 3901
3684 3305
966 2490
5281 1675
805 4383
9340 1696
90 1926
8784 1956
2794 2180
9539 1301
5163 1733
7415 2363
440 1748
2724 2885
665 2807
3793 3900
1192 837
2151 2547
9118 1627
2643 2350
5263 2229
8927 2150
8873 2399
1593 1841
3606 1988
2022 2051
3739 1709
9390 2475
3521 2287
8333 3139
2582 2487
9908 3577
5405 1808
6827 2131
5887 1010
1468 2036
9523 3291
7265 5445
7506 3063
5499 1798
5704 810
2247 2423
1002 2205
1816 2483
6946 3303
8512 2639
6434 2323
187 3157
5037 0
3210 2475
6100 2752
698 756
8035 2587
2406 2170
4869 2311
9265 1968
2178 3635
9018 4357
8280 226
4589 2962
2000 2422
9211 2090
1032 2100
8218 2812
4014 3699
4706 1084
817 0
9051 3876
2565 1931
52 1246
1124 2134
6683 3080
9712 2215
6791 3651
8572 3629
2519 2973
5697 2724
5224 2511
9196 4172
9053 2621
4098 489
5291 1637
4993 1866
9538 2242
3967 2272
9587 1716
7641 1583
3049 2795
8324 3426
2656 2277
6066 3190
4915 2431
7771 929
5009 3553
6966 3574
5930 1779
4933 2092
4438 3696
4543 4253
2734 2748
3598 3993
1709 2068
3019 2547
4688 2295
3040 785
7852 2783
1439 2580
5815 1783
5343 2977
9458 2358
130 2242
2159 1846
2315 2702
1011 1723
7915 3336
800 844
8759 3005
615 3129
3156 2499
6968 3888
5188 3816
5688 2905
434 886
4570 3037
2099 3473
6122 2397
6500 2816
8497 1603
2135 1391
4258 1671
466 3377
9148 4430
6399 3243
2377 1965
4957 2150
2864 2456
7308 1712
9256 1771
5824 2364
4533 2912
1581 1384
3458 2976
8185 3605
5236 1590
6923 2697
416 991
8171 3083
6571 3331
8551 3137
7699 1703
7441 2668
1049 1800
9132 2505
9365 3239
113 2723
535 814
795 2337
7458 3813
6537 1842
1937 3530
9695 3444
1878 1675
9846 2125
8901 2050
8015 1894
7302 3271
3152 3350
3921 1590
1046 2447
3275 2496
3863 2883
5961 3219
9083 662
6351 2359
1156 1114
2944 2093
1842 1880
7644 1932
1704 3470
4448 1617
7158 938
6713 2970
2858 4198
5576 2621
1310 2542
5323 3688
614 2864
1149 1920
6037 3566
2201 1801
2143 3037
3311 1257
8263 3385
8398 2165
4367 1705
7134 1952
4113 2732
495 1324
6240 1146
8617 1754
2144 3939
9184 1657
1817 2020
2128 2846
278 1918
3438 1310
6854 2039
757 1616
9674 2155
5896 3258
7491 515
5015 3230
5822 2305
773 3702
3723 3193
9370 1554
7787 2360
6406 3637
9903 1211
4209 3495
3488 900
244 2332
9570 2396
2798 1495
1461 934
4067 1740
9227 3374
586 2718
9940 2190
2123 2604
8291 2013
7548 1759
7745 2969
730 1843
3178 2309
6337 2664
3880 660
7020 2627
4556 1000
9925 3120
4709 1920
7966 2851
87 3841
1242 3521
7521 2616
5683 2584
4136 2245
1246 1938
5997 2342
1035 2138
1054 1531
7226 2129
1034 2708
9716 3372
3846 2814
9122 2540
3024 4264
1306 1779
1174 2825
3308 2390
6940 2210
3009 3812
3073 2457
3070 2951
3114 3703
4818 1929
407 2165
9296 4247
2234 1588
403 1862
5005 1635
6487 2445
6879 2684
2045 4305
2008 2032
7364 1712
5777 1097
6073 2716
1892 3656
2461 1342
4657 2446
1661 3355
9375 2647
2977 2445
4127 3214
3766 2495
5952 1713
7328 2395
4613 2720
4183 2814
3691 2410
4002 1796
1546 1614
1335 3478
7345 3595
5235 1085
5304 1619
7514 2654
8394 970
8111 1450
3231 2529
311 2217
9649 3433
2074 2513
1303 2635
9715 2737
1560 2632
5316 2154
5155 2662
2192 1326
5741 1885
3531 1466
5104 1603
2606 3332
2627 2877
3581 3748
9154 3470
9862 2611
2475 2164
2085 3202
3924 1657
98 814
9851 888
9363 2520
1450 3447
7385 2783
6433 1444
9474 3174
570 1553
6565 1131
2608 3126
4442 3367
4341 2709
6655 1182
9607 2563
7663 2194
1652 1694
6718 2576
6795 3625
3768 3527
1589 2279
2528 1181
8843 1685
7365 3458
6473 2089
7247 1796
8283 3914
7655 2776
7611 1421
6918 2426
164 2779
4808 3362
7545 3134
906 2656
6373 2389
7500 3552
6025 1265
3220 3766
6429 5106
3480 442
7367 3132
4607 5594
4786 2972
2337 2961
6336 3321
3853 3877
3513 1636
7866 2143
6501 3625
2393 1775
6778 737
1276 1394
7920 3117
8153 4056
2685 2097
1399 2156
4375 3130
7056 2648
2814 2775
7439 2185
7391 484
8577 3970
2522 4129
6101 2681
5309 2599
4126 2807
256 1741
8977 4785
1961 2099
651 3071
5374 2797
9376 1843
1100 688
6675 1758
4875 2389
7178 3255
1912 0
3044 3224
6030 2007
9900 2223
8219 2477
8214 1367
7743 3027
5079 3585
7163 4857
5410 1926
7684 2729
3218 1440
3111 4234
5764 2409
1087 1745
156 1624
2007 2486
762 3273
3920 2590
9144 1095
6263 1802
4938 2450
5936 3229
3066 2053
3266 4176
3147 3385
3440 2646
6657 1058
608 2073
8367 4432
1412 3106
8075 4365
7804 1666
7533 3269
6226 3635
1333 5009
7653 3630
7406 3139
9872 1975
5093 2395
6017 2527
348 2996
1588 3076
2548 2853
8003 909
1499 2367
2857 1978
3318 3686
2853 3892
7031 3819
584 2577
7838 2109
1646 3296
2826 3266
5210 3774
3179 1574
8950 2696
1096 3637
7990 2183
6294 2876
4554 3826
1944 2540
720 3749
8196 2258
1864 1449
2764 1381
3559 3031
2230 3592
5347 3572
8215 3665
3463 2089
9429 1685
1343 1969
1477 2152
672 1166
7757 2581
2149 2341
726 3439
1181 2090
3862 1617
7570 3155
39 1627
664 1650
2795 2814
1105 1355
5609 1012
6509 2085
7074 4931
5991 1042
8127 1571
5567 1843
4716 3310
8878 3072
2518 2820
221 5027
2633 906
9644 3401
6461 3411
6249 937
8712 2120
1328 2759
8267 1765
901 2604
8486 3525
2322 3233
1048 3154
8360 2158
1972 2708
8145 3251
6111 2411
1249 2211
6204 3888
379 1587
494 1372
9724 294
2191 3786
1742 715
8908 979
8433 3192
6596 542
8909 2512
3672 4314
6276 2366
252 2981
322 1511
4489 3174
9845 4220
8746 2159
8654 2716
5517 4757
8052 2634
8125 2015
1568 1664
5484 5163
6379 2809
4821 2187
6241 2599
5793 2098
1753 2987
3136 2935
4897 4466
802 1691
3702 948
7336 2601
3722 1848
5322 3304
4176 1689
3600 1569
8070 2384
9781 1462
6155 1337
3578 2587
4376 2531
3932 2797
1783 3205
2057 3911
9137 2990
3948 2569
6817 1809
5166 2373
5443 1568
9995 2010
4123 1919
6180 2286
4004 3588
2883 2218
2208 948
9315 3147
8888 964
6899 2276
3202 4013
8259 3577
6325 2671
430 1368
9808 2205
9945 3601
4594 1428
9072 1155
1110 2730
3103 1435
1094 2062
7709 2657
2109 2216
8269 1658
7565 907
9168 3711
240 2811
3786 5076
783 2325
8509 2020
4941 3588
8754 2023
1233 3129
6910 2209
5520 837
6824 1987
2575 3293
421 651
6083 3786
9589 4147
63 1515
3587 3761
9958 3379
9250 2639
2515 2794
5937 1505
8713 1514
4582 3808
133 3636
9408 3450
3634 2279
2962 2826
5226 1784
6412 1276
8788 3214
6465 3278
917 1962
8046 1810
383 2682
8640 3309
2723 1314
8175 2545
5181 1804
4498 3531
2578 3355
2752 2702
7821 2195
7474 1106
5942 2108
818 3200
7952 4564
7995 3394
7103 3025
3484 2732
5198 3333
1702 2967
8518 2962
9833 916
9516 2037
9032 526
4614 1760
8625 1529
811 1779
3282 3207
5694 3025
6440 2239
4461 3368
6469 2816
6080 2432
3123 2841
201 4045
3060 3914
6381 1637
4155 3306
1643 2947
277 2733
1814 3720
7555 2819
8181 1172
5982 4246
8666 3357
7085 3427
7681 2323
1018 2044
4138 2164
671 2499
688 1894
6408 3650
7950 1019
3270 1733
9112 3340
1835 2257
4702 3656
8449 1394
9366 2123
768 2012
6107 3179
8328 3231
5115 1775
4355 3858
1271 1942
4775 3052
7656 3030
2609 2049
1555 3745
954 1490
1003 2821
9357 2819
3052 2095
6768 1818
8193 4226
9637 3507
47 1424
3620 3671
9980 2873
1164 1496
103 2724
429 3754
3339 4275
6453 2098
3125 4022
369 4082
2391 2669
4281 5126
9217 3353
9116 1179
7471 2463
2626 3605
1620 717
8555 786
7607 3040
3769 2592
6847 3241
2994 2651
2818 5034
4354 2111
7657 3123
7398 2251
655 3017
5974 3259
7873 1179
5328 1907
2285 4382
7509 1203
3638 2193
6326 2360
6476 3969
6532 2079
8809 1484
3975 3810
2735 2804
9008 4060
1367 1529
2568 3694
8018 1300
1822 1215
2882 3039
6129 3696
5373 2705
3541 2797
646 2316
4829 3645
9626 1882
3083 3734
2443 4181
2139 2710
4983 2952
603 1559
4800 4214
5784 4439
8808 1842
9356 1466
5436 1296
3876 2380
3749 2558
3861 2941
3501 2859
6695 899
5141 2877
791 3157
6000 1589
7553 0
3269 4451
4748 2264
4517 2054
6198 2968
2078 1845
75 2875
707 2266
8049 3530
4647 2106
7692 1014
5529 1242
5661 3136
5057 3583
4373 3481
8831 2895
2729 1821
6015 1991
1209 2647
2645 2666
5177 2121
473 2426
7378 1822
1978 3358
2040 3501
8260 792
8019 2697
8777 2311
9973 3267
6726 797
4680 3090
4088 5470
253 3161
6893 3020
4840 1479
7881 2775
8820 2692
2981 3562
9300 2421
5555 3823
6092 3769
9697 1798
6176 3541
1678 2991
4922 1632
5580 2097
8063 2476
9972 4313
6648 1735
6870 2881
674 3610
525 4076
166 3009
9059 3349
1448 2925
821 3107
9914 2135
1066 2510
6801 2789
1875 1422
6394 3776
7928 2497
5921 3752
6353 1475
2849 5108
3625 1438
9049 1310
4881 2622
8115 808
1265 1161
628 2022
8992 3644
2669 3308
4444 2754
1994 3510
8879 2758
5342 1763
1919 3297
4148 4528
8017 3654
1506 1020
9795 2311
4231 2493
3661 1908
725 886
530 1775
5124 3044
3568 1625
4715 1818
1119 1848
7463 4213
8598 1830
1004 3938
280 3198
4879 2235
2614 1543
5469 2837
4795 2582
181 3586
5102 2507
8516 3423
6267 392
8963 2438
5299 3526
5644 2291
4055 2508
4346 1257
5451 2855
8533 2160
1040 2232
3856 2236
3477 1716
5698 3005
9777 2542
3292 4650
6447 3133
6199 2456
9050 2778
9585 2938
6534 1009
2992 2367
6246 4687
7304 2529
1261 2082
4013 4091
8981 2535
9251 3557
435 1217
3937 2011
4168 2058
5559 2286
8524 1762
6730 481
8404 3620
3946 855
2218 2197
6444 2245
1373 1967
3794 3813
3923 2994
697 1551
3748 2965
2197 702
3871 2963
8690 0
9360 2788
3645 1095
255 3400
6233 4033
6492 1591
7008 3479
1752 4506
859 3761
6223 3465
441 2782
1445 2789
38 3226
2844 2820
447 3956
6956 2509
9931 2047
1022 3201
1263 4417
9773 2592
145 3516
3693 3627
7973 2508
7177 2998
6370 3049
5685 3266
2920 1397
7935 3650
8948 2498
8446 1335
1838 3966
2622 2799
5731 2709
3805 2880
1135 3230
6483 2379
2737 1911
3006 1553
2414 2816
305 2734
9741 3380
1899 3437
8824 2667
5135 480
8331 2770
48 3430
9709 3346
3836 3465
7035 2368
9508 2639
1617 3315
575 1166
9786 1790
4537 2995
4583 2066
6825 570
2200 2393
7941 2282
2819 1344
9367 1883
9195 2362
2273 1482
8763 2694
7593 2529
8726 4291
8113 1718
5504 1759
2799 2415
9020 2488
9556 2727
3544 2532
8397 2197
8406 2810
2205 3100
217 2382
2965 3014
2164 1677
7403 3271
3130 1040
6485 2780
5430 3532
3200 2111
1488 1174
3888 1614
7832 3026
8608 2674
7480 2766
4675 1472
4852 2760
4740 899
7159 2865
3893 2040
9664 3308
2114 727
8807 3185
77 2147
3407 1419
2675 3445
9566 0
1247 1732
9124 3060
6535 2203
462 4581
2065 1559
9986 2004
6909 3438
5502 3202
9921 3705
33 2428
3728 2668
3433 1365
7356 1130
4235 1634
4159 329
7416 2624
854 3313
8949 3330
2610 3964
1305 3187
4888 846
1081 3873
3902 2627
5631 2666
7394 2121
386 2976
4217 2347
349 3057
5783 2266
1976 3192
9977 2930
1923 3515
5730 1287
2527 2486
606 2094
9663 678
7753 1987
8148 3551
9208 3583
2350 1829
718 2101
8866 4860
6538 1558
8032 139
5425 3555
7461 2363
5686 4625
3430 3199
437 2702
1916 2835
3207 2096
2321 3832
7449 2341
3075 2600
2375 2985
4945 2281
3697 3983
8132 0
9681 2308
2576 3146
815 1647
9309 2935
7730 2143
8899 3529
7257 3295
1491 1991
4819 2484
3212 1700
4809 2859
9801 866
2107 2719
5344 2241
8915 2749
8158 2693
7359 3060
3350 1699
9435 1348
3845 2209
7969 3817
1768 2310
6769 2584
9886 2924
6794 2792
1274 1347
2761 1852
3415 3123
609 2386
2540 1954
4883 1647
8541 2587
8025 2673
1460 3191
5098 1796
2840 1622
661 900
4997 2237
2889 3175
4091 2012
771 1639
2957 3513
597 3074
8055 3300
669 2567
2278 4149
5470 4352
3023 4749
936 3157
9757 2820
142 1572
5204 2139
5771 4114
196 4085
869 2016
4349 3215
7962 3842
2025 3665
3007 2796
3222 2468
3384 896
8651 839
9480 2725
1515 2101
2010 2641
3797 2148
4765 2126
914 3368
5096 3194
6866 1126
7311 2443
219 2141
4211 2909
8342 1321
9683 3010
3027 3741
3940 1927
3227 1493
7477 3741
7228 2131
3992 2226
1118 4783
8197 1997
756 3050
8920 2090
2974 2807
3562 1803
5621 3089
1434 1080
3129 2126
5397 2970
4947 2112
7401 3166
6300 1728
678 2635
9001 464
8893 3348
9331 3739
9640 2885
8506 3009
9793 2152
8825 3483
4726 1250
9063 3213
5466 1736
3092 1980
8022 692
2142 2781
3333 1375
3491 2176
2551 1673
6166 2015
7425 2899
6417 2164
9489 2120
9821 3775
759 861
8275 3486
986 1832
7476 2965
5293 2612
3191 2514
4885 2420
1406 3664
9705 1021
7685 4641
6766 3275
4291 2751
1277 3771
11 2141
9069 1911
5933 1365
8652 2163
8386 578
9081 280
328 1886
157 2570
6607 368
3653 2928
8399 2950
520 2843
9849 2582
6195 3808
1039 1885
3636 2435
5472 3924
9358 2511
9223 1873
2583 3708
1120 3221
8002 682
4634 1720
9035 1315
3542 3047
5478 1958
5249 1522
1749 2099
4801 1926
8737 1961
9346 2736
1381 3130
9197 3020
4263 4003
5395 2032
5298 2769
3671 2021
2396 2130
1196 1457
5446 2116
18 2088
4644 3639
4398 2300
515 2829
1960 858
4581 3354
6611 3647
8327 2219
6903 1403
6993 2979
8528 1537
7023 1804
4124 4770
9938 3106
202 3893
9838 3540
3411 2812
4890 3053
9704 3616
6738 5050
5725 2787
8556 2198
6234 3442
7789 3829
9919 2231
1070 3317
7893 1771
3960 1607
5377 3041
5194 749
1679 2743
4184 2510
6060 2209
9218 1746
9632 2209
5329 2458
3969 2627
8776 3390
2189 2803
2880 2803
5532 2382
3550 2216
3905 3891
5754 2282
7708 1880
4433 1292
9333 2167
2206 2748
5665 2673
2599 1909
1391 1949
2738 2577
4362 1976
6105 1297
1482 2985
2832 3388
1543 2489
2450 2578
7434 3955
5233 1662
3243 2904
8000 1519
9533 2725
2269 1063
6688 1542
5856 3203
7590 3866
242 2636
7974 2909
9702 4326
3734 1864
5662 2419
662 2071
8995 4438
3206 2753
7912 942
8233 1473
6136 4685
7578 1258
4175 2782
2933 1921
4522 4329
2389 3362
3425 274
3736 2303
7741 2935
9314 2820
9484 2149
5406 994
6809 671
8525 2296
2884 3424
8277 2816
6472 2562
9448 3798
223 1686
875 1645
9947 3101
3456 3061
865 1984
3232 2753
5983 3195
1886 4047
1361 3299
4147 3145
684 3375
4257 1540
7994 1390
3316 3172
9936 1782
4936 1915
2488 4507
7005 2687
9308 2908
9442 2108
6936 3036
2363 2714
4882 2523
9731 2036
8005 3948
4551 1772
4866 3629
3137 3782
5677 1633
8778 2820
9892 1453
994 1868
6687 1336
2679 4746
5843 1800
4195 596
5433 2241
7599 1765
2816 2305
4426 1288
9527 2314
4846 2652
3761 4351
4999 2952
7467 2530
225 129
3194 2428
4093 1145
7831 4112
5029 2503
4820 2138
5370 3065
6930 3951
7082 2640
8090 3915
109 2167
2335 3140
1291 3452
8942 3407
4889 1275
7766 2328
8728 3308
3991 4319
8425 2699
6161 3279
71 1631
4991 1232
5720 4104
8665 3128
863 3377
8029 1553
5412 3500
4738 4867
3043 4314
7927 4855
5845 2163
9875 3477
7138 4714
8864 2654
8033 1392
5150 2349
2314 2655
5861 2086
3977 912
5292 2640
4132 3889
1202 1208
902 1936
5103 2757
2632 3147
7713 3256
8946 2474
4601 3827
8037 3822
298 3160
2034 1369
8205 3344
727 1134
8634 1371
388 1268
8042 3415
4955 3539
6192 2048
3314 1416
9259 4178
5167 2593
8198 3024
5217 4303
7946 920
8675 3208
9848 2511
7271 1513
8642 1987
8731 2466
2172 3420
6210 2532
9303 2278
8937 1106
9387 892
7 4991
6299 1732
4026 1241
4134 3175
8823 2942
4161 1864
5051 3298
5211 2439
8911 1293
7733 1860
2730 2072
8054 1584
3272 3434
683 5200
9106 1709
9276 3181
5283 3481
6259 1732
5805 1762
5787 3552
2549 3372
420 1187
3877 1137
2259 3469
8455 0
9041 1353
1527 2939
4877 2499
5700 303
6034 1582
162 3452
767 1768
2586 2167
847 715
1868 1564
866 2979
3926 1831
9803 2515
5109 1920
2923 2634
7013 2628
2718 417
4797 1937
9388 3225
6118 2817
8023 2343
2272 1785
1583 1336
3818 3110
2176 1991
2811 1584
2686 4898
8616 3538
7936 3132
2746 975
6928 2331
5820 1774
6211 1752
5480 4029
885 2516
8966 2253
927 2352
7633 3844
7773 3281
257 2827
6800 3098
8294 2772
7556 3077
235 2156
3205 2051
9500 2199
5569 3782
1897 1117
6889 2486
1547 1530
1148 2805
8380 3200
1853 3462
6892 2794
9224 2179
7136 3550
1469 2141
1650 2716
2556 2964
3479 1744
5829 4331
5712 3052
7018 3111
5973 2389
64 2756
7992 2611
8249 1772
2474 1453
1446 3890
5071 1023
1304 76
1797 1861
3622 1588
6622 2269
868 2121
4502 2999
4275 3609
8834 3090
8614 3362
6127 4052
6999 2150
8881 1303
9109 4186
6698 2489
6119 525
666 3210
5553 1367
1574 2727
5963 3101
7318 3808
5477 1008
70 1356
8677 3005
8062 3598
192 2597
9729 1650
1531 5991
499 3350
8565 1690
1958 2176
1188 1921
6333 4023
5001 1653
2119 2802
1364 3963
1518 2438
3750 2720
7781 2402
3309 2887
6471 3624
7876 2772
9776 1743
9604 4158
7191 3163
3752 2750
9013 2621
2581 2818
7700 4026
2145 2858
719 1606
3726 3750
6816 1467
4796 2766
7837 2889
6970 2170
7666 3146
8108 2553
7407 2390
9612 1697
6340 1350
2921 2806
2403 3337
7996 3224
7319 2949
2446 3804
1163 1770
3843 5124
9901 2061
4662 2006
4773 1285
9214 2975
9602 4180
1068 1151
4824 852
3844 778
8083 2753
4117 3839
9880 2570
9810 2074
5067 1809
7645 3141
3883 1240
643 3385
5360 2719
6647 2739
3409 1940
6389 1063
5055 2906
7338 3207
4304 2847
3238 4693
780 2272
3886 3597
8903 2830
3666 3795
929 1030
9634 3106
4523 1594
155 2788
8338 1743
5172 2347
337 4039
3312 2697
639 2854
912 2728
6640 4074
4540 1342
9143 1346
237 3135
6760 2564
1275 1042
4729 1768
9418 3032
8922 1292
539 849
2506 961
6154 1252
4904 1415
9475 2553
6182 1617
1907 1681
1266 2114
2110 819
1732 2675
6185 903
4504 3629
6061 4125
14 2263
6235 3087
7375 1784
1569 2047
8201 2654
6330 1508
625 2276
1064 2320
4949 5461
144 3025
8250 4051
7816 1708
732 2273
2388 2979
6382 1444
6964 1372
5985 933
25 2112
9482 2017
595 1731
5338 2552
1910 2354
3796 1173
3090 1994
6358 1651
9441 4163
6678 3164
9261 2007
5699 3404
703 1649
7064 2008
846 2797
2217 2355
7891 2943
7517 4184
7802 39
9456 2628
1069 3338
1614 1533
1882 3186
8856 1617
1010 3348
1131 3622
7144 3914
587 3399
3020 2139
226 2469
7511 2192
8254 2656
4011 1324
2125 3866
1252 303
9230 3305
6587 2185
3907 1042
3030 4662
9867 3393
8461 2900
3943 2793
9563 3170
1666 2096
4297 2765
7303 1580
4020 2900
840 2601
2499 1961
715 1887
7721 2218
1378 3949
737 2879
9590 3208
6836 2161
1773 3104
9226 2995
6701 1523
5675 2605
850 3921
59 1655
3170 1642
7361 3924
4899 2057
8400 1998
9627 1453
1564 2207
7707 2380
6237 3358
3981 4141
10000 3049
4477 2943
7598 4414
4667 2069
923 2310
6568 2332
3631 1931
3443 881
1975 3556
1713 1695
8467 1620
6458 3337
5739 1256
8459 2811
1616 2949
9737 2468
6552 429
1047 1310
2871 4047
6277 2425
6981 1663
9097 2943
4719 2241
4759 2484
8670 2368
9710 1864
613 2645
8053 2833
5454 256
938 2523
7044 3326
3603 2321
6271 1343
9659 3546
7925 2830
8904 700
4455 2269
6871 2957
9031 1998
7109 1410
2429 2023
5714 868
2591 2697
6555 3276
5932 2980
528 3794
2298 4215
2371 3836
5450 2439
7526 4025
6971 5729
5823 3882
1000 4521
9313 1427
6488 1544
6212 2421
7310 1443
9689 2703
295 2369
1939 1292
7492 972
8161 2699
9335 3544
920 1871
1771 3037
5981 1186
8853 1778
3428 4900
4391 1683
7972 1828
7856 2579
5510 2565
4902 1960
5205 2803
4472 3004
6033 1756
6560 1634
9982 2362
5191 2892
3395 4025
4778 118
3535 2233
7932 1092
7723 2841
7907 2288
4189 806
1954 3263
7882 2643
5214 3003
3776 1690
9745 4000
6206 1320
8159 1362
5585 2984
1699 2376
2094 3203
8650 2365
9039 3873
599 2069
3851 2841
7225 2851
6888 1537
1052 1894
1097 3441
8216 2730
6949 1913
6830 0
7460 2544
6054 2699
9859 1537
9824 817
5264 4357
1320 1176
1473 2309
178 3147
5557 1972
712 1401
306 2677
4664 1842
1579 2567
1346 1106
971 3411
681 4550
2210 1934
2747 1842
8466 3355
8885 4615
714 2387
2776 840
5036 3790
3586 3560
524 3143
7470 125
4476 2288
6049 1773
838 2296
7864 1184
9477 2696
1629 3179
5623 3086
7749 2874
3966 2923
3226 2324
1859 1390
6218 1286
9067 2414
8253 1373
6041 465
1030 3955
4563 1205
1398 1302
9040 4304
2117 806
957 2277
8531 1619
4963 1424
115 2271
9062 3741
1672 2582
6691 2244
5244 4484
3035 2018
2421 2567
3662 1893
2984 755
9667 1566
2108 2096
5220 2079
8350 2518
9638 3275
7923 2821
589 1485
1974 3453
3028 2707
2367 821
8933 4567
2570 4157
5274 2664
4836 3251
3536 3212
2121 3109
5011 1797
8142 1105
3353 3376
2616 2611
6137 1642
6270 1514
6567 2638
5723 2236
4135 2252
6067 3005
4931 3011
8836 3059
5424 1243
4194 2005
7960 3064
3590 2605
1739 2133
6882 3032
1684 2832
265 1843
8890 768
6626 2073
1043 1998
4646 2735
2846 2122
3947 2092
9131 3592
3390 2877
8021 3034
9670 3216
9700 3588
8150 2575
5215 2962
4746 2321
3294 3816
9768 4294
73 698
30 2307
325 2571
9752 1834
7811 2322
522 1527
9279 2829
7815 5110
6098 844
716 3319
6615 1508
4087 1751
4119 1923
5251 1688
7066 2358
3101 1788
9253 4067
3545 2879
478 1776
5766 2414
8765 2134
5960 2546
6787 3012
5684 2523
8930 3469
396 2581
7550 1460
9728 2251
3570 1910
910 1364
6616 2280
3801 2489
7793 4490
7079 3487
7015 1324
5482 2580
3651 1108
849 0
8681 2598
1977 2701
2631 1040
972 2440
3236 3166
3659 1467
6497 2926
2829 3674
848 490
6741 3375
9887 4892
7537 2904
8426 2641
4752 960
1520 1812
8523 2097
9981 2031
5110 3270
4089 3187
7377 3716
8448 3637
5117 3638
1785 2806
8310 3401
8355 3874
8986 3388
6521 2293
50 3590
8943 1350
1349 3346
8838 4592
9042 1374
895 3250
4033 1561
8187 2382
1956 1608
9354 3506
4532 2189
1828 200
7154 3137
8923 2986
1338 2350
1223 2832
492 1325
3378 2838
6628 3046
9092 3428
9501 1753
6894 3284
2834 2221
5751 812
9447 2174
1085 3371
4404 2529
6895 2537
632 1694
953 1700
6250 2662
5718 3337
2483 3446
1779 2938
4538 1308
7233 1480
5865 2121
2612 2344
3476 961
3247 2408
6915 2914
3643 1687
7097 3377
5525 3171
9662 3611
4220 882
1205 1988
2486 5031
1949 2611
4929 2068
5549 3796
4597 1110
4314 1921
9402 2824
4007 3695
1421 2180
6503 2790
3054 2062
4816 585
8921 4467
284 4276
5474 2755
5716 2933
9466 2797
2458 2605
700 3746
6757 2885
5107 1976
5817 3738
7854 3967
4521 2092
3174 3928
2126 3008
5664 3978
1183 3884
2951 2404
4069 2273
1415 2883
2307 3098
550 764
2817 3400
8195 3088
1938 2540
7956 2436
5232 1309
7690 2114
6707 1030
9203 2398
9037 1773
9432 2175
4619 2725
1714 3866
8395 2747
7260 4586
5234 1413
969 930
7871 3777
7083 1949
2130 3371
3483 4416
8552 2560
7468 3990
5888 3553
2083 4249
191 4345
960 1441
5417 3458
167 548
1474 3657
1453 2260
6477 2475
1210 1886
3168 1382
4418 2835
1695 2455
955 3765
6897 4071
1025 3914
8044 3316
806 2266
7698 2405
978 2274
789 3562
7366 2237
6920 2177
1260 1938
742 447
6278 1513
5468 4616
4208 3899
3416 3016
989 2096
7775 1676
9341 3733
553 2671
7002 3036
2435 3501
8554 2323
5473 2793
6696 1505
2919 2950
7535 4725
4490 2229
2120 3075
3914 3663
4776 1919
6216 3913
1093 2561
8782 2948
3345 3162
6388 3211
5925 2440
2916 2440
7622 2050
1686 1057
1756 2933
990 3609
273 2315
8387 4654
9864 906
9800 3866
2308 2823
4152 3861
22 2546
693 2523
8547 2326
1230 1303
7272 1327
7282 3614
5431 2268
5273 1157
7676 1391
4012 1115
4608 1161
9993 2147
7527 2272
3865 678
7400 1258
3925 1803
131 4306
7383 1502
8289 3744
97 2630
6431 1632
9297 1696
3680 3029
2995 1865
7459 694
2231 1394
2457 5058
739 3854
2299 1512
1245 864
8452 3275
3301 2182
6849 2191
1834 1459
1528 2279
3048 2932
2358 1065
9948 3118
4059 1916
7143 2111
903 1730
134 3924
5931 2240
824 1965
4851 2440
4023 1562
9605 1441
9275 4132
8956 1900
6819 4486
6929 2821
4377 2270
4394 2076
5544 3011
5337 1771
6491 1939
91 2912
9984 1588
9413 4335
6803 3657
6542 5040
7210 2574
3173 2370
1754 2410
8658 3039
5770 2411
9258 2434
787 4275
5019 741
8684 1655
2330 1971
2343 2199
2893 3052
7669 2266
5729 2106
5587 3002
7502 2399
1766 360
7742 2418
1290 2182
2590 1454
1322 2568
7568 4024
68 2838
8182 2123
2496 2276
7945 852
2044 3228
54 4636
9139 3021
9141 3129
6685 2901
4948 1995
8232 1853
8089 2550
1932 1633
7563 2055
4536 5980
3743 3629
6945 2971
2810 2876
8687 3270
1190 1595
9130 2917
7180 1527
1724 2415
7807 2150
5090 1093
8078 3607
559 1743
2712 2064
3447 2040
7343 3318
3751 2545
2845 2271
9433 2105
2647 2261
1584 3415
6397 2327
8607 3018
5905 4109
2676 3566
7732 1843
5703 2664
1161 1587
8952 1857
4566 1355
9416 3574
2250 3228
3517 3086
3158 2395
8237 2526
4403 1637
4278 4847
2742 1737
7198 3853
2777 2197
3912 0
2182 1875
9797 1625
8179 4555
6785 2769
775 1745
1144 2061
9991 1891
7388 2415
6401 3543
7624 1938
710 2454
1645 2853
3824 3326
2813 1361
2895 4078
9334 1880
9002 1018
8679 2965
7926 3442
9033 1574
1759 3403
2296 2830
6135 3693
1674 2874
3153 678
8138 2706
6086 2415
8797 1817
9054 2936
7554 2464
8105 411
5706 3393
5813 1325
4054 3854
3617 2719
3558 2928
7321 2522
8743 0
1092 1734
7898 441
2861 2976
2184 2928
9328 4018
5428 2184
7924 2108
3850 2702
7423 1932
4114 1922
4779 1021
5756 2632
7040 4173
9924 2366
9753 3392
2757 3950
9200 2052
5607 3929
4689 1214
2398 3417
9119 2372
4238 1150
9783 634
291 2543
8133 4001
5588 1759
9019 1582
8567 3506
2762 1652
2824 2618
8337 2168
3403 2793
8392 4051
6774 2438
8589 3367
5448 618
5571 3043
4920 1942
5225 2830
6197 2404
2982 1719
8483 3718
856 2633
3003 4389
8947 2324
2226 2484
3985 1883
1509 4475
6442 1272
1894 2269
7326 1535
3187 2357
1971 2777
1019 2754
7014 1760
1577 3295
4928 177
9791 1414
6869 2797
9876 2208
7420 3188
6686 3434
1918 2563
9404 2940
4072 3309
7540 1844
979 1295
7125 1500
7062 3398
9269 4684
7993 4203
4952 1800
6215 2605
1330 3209
6420 4612
3894 2630
8752 2052
5386 1704
8847 1678
3493 1018
2727 2046
5039 2143
5287 3944
1914 1274
3596 1850
2228 2684
3096 2148
3854 98
8926 3023
7683 2189
2211 2998
4096 2758
8844 2107
9426 1502
270 1220
1059 1640
3962 4589
2593 1855
1715 2701
1517 1579
2773 3100
4766 3202
9 4380
890 742
691 2201
8473 3228
5507 572
1740 2731
9149 2806
1567 3476
4108 916
8297 2611
8475 3568
4197 3221
9407 16
3284 3860
363 3109
3276 1992
958 541
1604 1766
2224 2794
5024 2332
6284 2310
7895 4207
776 3534
4841 2388
9666 2950
9971 2576
2910 2852
3588 2804
7162 1652
1062 1669
7777 3108
1208 3710
6942 2904
6639 2319
1007 2570
7395 3535
1182 2482
9857 595
6203 3944
7796 5040
8883 1987
7437 2191
7316 1680
2560 2683
2654 2994
5944 2361
2741 3705
933 2403
2605 1915
7953 2730
3770 3746
3742 1848
5919 3504
4520 4364
5325 4015
6630 3923
6808 2068
9882 2759
2573 2514
631 3837
4038 4365
151 3075
3034 209
5348 2303
146 891
6868 3600
934 4346
2779 2787
8734 3261
6324 2127
4481 2225
9336 2578
3211 2719
5078 2404
2077 3518
4926 2863
6407 968
9110 1607
8644 2955
3573 264
9015 3817
1203 2677
9428 3670
7725 2773
7867 2409
6922 3887
3555 1220
1107 2339
7113 1602
9656 2813
9299 1000
7331 4666
638 2696
9011 1881
4965 2290
8072 2014
4515 827
9961 2779
1197 782
5455 973
4074 2561
9871 1933
2050 1985
4695 1411
4637 1847
3249 1569
3244 4693
3289 2149
7649 1304
1677 2937
9371 2366
7132 4326
2245 3307
7998 3045
7543 2423
8848 3179
8505 3174
3519 3908
3530 2573
7672 2369
8738 3398
4743 2931
9909 4058
8842 4355
9790 1697
2765 2339
5524 2295
3354 1262
7436 1911
1393 2691
1207 1654
1417 2336
7808 2283
527 2793
1955 2827
6430 968
8504 3208
4079 4282
4541 3441
5806 3121
935 2155
7621 3911
3197 3373
6799 2313
27 1923
5362 1824
4409 1394
5246 1346
6493 1461
426 2082
5635 468
7825 3630
9494 2857
9687 2512
6128 3386
9240 1095
8539 1826
8143 1763
411 1762
4561 2495
3071 1077
871 1617
6345 1764
3423 2558
6020 2044
4507 1039
8964 3786
9267 1370
6045 2111
6851 3811
590 4218
1953 1162
9943 2652
9567 2812
3978 1931
1256 4431
5883 1967
6171 3050
8378 2531
2090 2990
3963 2252
6608 103
2820 368
2634 2788
6540 221
3254 2784
6346 2687
5014 2973
4784 1721
1700 1267
6834 3346
3182 1118
7795 1995
6771 2023
4118 2781
9348 3833
5033 2975
3509 2565
1524 1223
2141 3528
8790 3878
9071 2974
4600 3267
1138 630
2705 2031
663 2668
8960 2275
6238 1175
7450 1054
6143 3404
6427 3918
9820 5505
9046 3003
4559 2017
4302 1475
9337 2313
511 3196
5833 2121
6364 3475
9847 2927
2815 3168
6911 1208
1585 2235
5744 3990
8761 2050
6904 2585
8709 3731
3451 1255
6948 2895
5873 2021
3278 6520
8286 2834
6860 1684
9899 436
8257 2274
1659 3021
5416 2887
2097 1268
9135 1696
7126 2588
8374 2829
3799 3621
5874 3621
198 1500
9691 3500
738 1174
8417 2348
1029 4756
1379 3056
6310 4542
1731 3267
9883 3270
8955 4126
7199 2817
7516 1772
1860 1072
9522 3601
4592 2012
9562 3090
948 0
4979 3742
398 3527
5238 4123
3668 3622
5940 3619
9766 2477
6829 2476
436 3808
8356 3810
8146 1580
5267 2540
9998 2361
460 3249
5066 3573
1339 3776
9518 1315
1323 2674
491 627
2102 4681
446 1509
4905 2971
2805 3386
1963 3825
8764 1662
74 3805
5070 3199
7043 3434
2156 2994
8740 3154
6919 1322
612 2882
7575 2682
1146 2147
3756 4729
8940 3175
1984 679
9714 1780
3242 3232
3056 3437
9364 3028
1928 1368
9185 2945
5832 2730
2683 3305
2464 1666
248 3333
5545 2850
1682 769
9987 1211
2589 2475
3840 3236
6404 2721
7774 2048
7140 196
5695 1780
1122 2307
4225 1575
8061 1562
6914 2985
3782 2161
4062 0
4289 2277
3495 3029
9210 2951
2052 1359
1258 2832
4560 3055
4987 3598
3715 2913
2489 3955
444 2451
8221 1997
9189 1015
6908 2828
168 2125
2175 379
9425 3498
6354 3096
2673 2634
4708 1152
6515 3749
2621 2880
8440 1845
2769 1762
2743 1436
1496 3730
60 3857
6828 3296
3355 2494
7490 1488
1385 3844
4908 1366
1283 3431
3165 1457
8959 3505
8571 3177
5266 2240
1479 2503
5113 1710
4579 2010
3771 2706
3368 2566
4016 2662
5841 4083
2930 3242
1998 3734
6941 2143
3144 2697
5535 3273
397 2720
5391 2318
4312 2627
861 3121
377 1964
6130 1828
3338 4491
9719 2551
2494 158
8262 2912
9759 1403
4324 3169
5915 1983
8235 2087
2838 789
509 3741
5467 492
1185 2655
5250 1852
2807 2562
4732 742
610 877
3038 1668
9852 2547
8880 2581
3686 1655
4347 1804
7704 1991
5591 797
9966 585
469 3070
5774 3050
3046 3279
3934 3468
6765 4255
4027 2868
4654 1833
8156 2545
3860 4440
3753 2559
8613 1953
7806 316
4640 3303
4174 2631
604 3688
3419 3068
4313 2521
35 2976
2225 4812
6935 689
5596 110
455 1224
2728 2712
7078 73
1485 1796
2049 2723
8470 3764
6650 1315
6984 2833
4322 1154
9918 2319
891 3689
2003 1719
7905 2656
7759 1959
2642 3685
1106 1873
9345 3038
8076 2478
696 2984
959 1141
392 2251
6887 1577
4828 1551
905 286
9970 3756
4201 3712
7135 2869
4366 998
302 1856
4762 2878
8307 1918
6311 2010
6102 1021
8390 3441
7120 3530
9133 555
820 4688
8462 1591
9004 4751
6123 3157
3042 1606
5206 2427
5159 3531
3371 2911
2986 3892
2567 3569
8611 1517
3496 3139
2624 2219
7987 2892
7682 333
2564 3857
4459 2567
4255 3222
6371 1857
1363 688
3935 1682
3094 3198
7090 1052
6097 3032
7799 1975
2700 3044
1250 2909
5989 542
2467 977
9711 2282
4826 3153
6174 2757
2413 1718
5333 3930
9628 1998
2847 487
1649 3205
2216 3936
4924 1675
1681 525
5248 2427
4660 1115
4187 2950
6798 1720
6411 2143
6597 1909
7702 2061
8811 2037
6818 2401
5305 3114
4382 2785
2448 4711
9738 2899
7830 2787
857 1204
6424 2526
2067 1033
8456 3605
8530 2666
3329 3323
7539 3356
6116 2301
470 2325
4804 1488
2770 0
1881 3641
7910 2967
500 118
4756 2562
32 2164
7596 3971
6743 1605
9650 2078
4781 2479
5008 1739
6307 3237
94 2182
2304 2275
267 1440
7561 3966
2020 4711
5530 2636
6842 2243
8861 1777
5371 0
1744 4133
4621 2431
5420 1307
579 3648
7077 2463
1915 2535
2644 3197
1407 2591
7232 1270
598 852
8274 2572
2349 4256
2502 3522
8258 2255
4685 4709
6715 2656
3385 3587
7650 2642
8359 2536
6884 2451
4452 2147
8361 2657
9075 945
3135 3660
4416 1808
9814 3678
6466 2281
7538 2177
4215 2166
3779 728
312 2507
5929 3096
9935 1350
6792 1404
2444 4667
4006 2646
9076 2346
8969 2472
924 3430
2791 3379
7427 690
9298 3153
2866 3398
6443 3637
6863 3244
8149 2781
3256 2658
3252 2202
1 3700
366 1805
8285 1799
5899 3755
6064 1190
2407 2024
7075 1820
5687 2240
3605 3079
9134 2036
3502 2784
8412 2725
9243 3784
4051 2175
8569 2350
5656 3642
2710 2053
2331 3082
2732 786
7217 3314
2180 3690
4650 1072
7274 2125
5581 3692
4164 1779
711 2407
9389 2227
1548 810
1876 1790
8431 3031
502 3531
4807 2776
8841 2014
5760 1927
898 1680
5924 3045
1664 1561
4977 4123
5926 740
4269 2353
5082 2760
8157 2704
7482 2836
1830 2430
7251 1581
649 2171
7616 2461
3721 1678
3580 2554
391 2636
8887 3816
2163 2249
3938 2068
2941 1183
9825 1808
8047 2175
7580 3155
5563 3125
2831 2617
3906 3204
4574 2160
5072 2318
4343 1333
8638 3305
3609 3536
6732 3972
6303 2716
7060 2093
6983 1592
2836 1690
9167 3646
9158 2717
9000 3941
5028 3365
9546 2583
8558 1201
6332 618
9665 3731
7073 2280
8720 1473
4499 1562
8152 3305
816 1949
1602 4435
6669 1837
9473 3538
7788 3269
2680 2723
4019 2225
9400 3588
4125 2656
1908 2284
8402 2476
2696 2308
1782 1721
5139 2893
1670 2603
4822 3487
843 2472
1390 5305
8208 2847
4212 3941
9099 2932
7671 3021
4962 3302
8292 3522
2309 2484
2959 3849
9248 2559
6177 438
5052 3088
2870 454
9754 2613
7842 1255
3166 653
8934 2747
973 2077
2998 1812
3637 3297
2029 2273
8038 2416
6334 2421
4591 2676
4447 2128
4984 2534
5020 1715
8305 1664
6287 632
4720 2640
1154 1869
4230 3264
9577 1670
1639 1793
5727 3514
2012 829
8580 4977
4844 1212
4668 1683
8845 3207
8415 3870
1787 2677
3436 2845
5382 1468
5295 3768
6481 1262
6601 2671
1151 3895
2392 531
3188 1676
851 2639
7179 2227
211 1274
6062 2015
6316 4684
5384 3053
6855 2729
2905 1721
2385 3824
9586 1834
8443 1698
4429 3230
3164 2782
1083 2485
9379 2795
3532 3360
4590 2791
4133 2288
5645 1972
3099 542
4876 1016
9552 2513
5876 1962
9669 2298
123 3840
7285 2735
7325 2127
5327 3038
2081 1755
4823 4240
5223 701
5493 2513
7380 1576
1051 3860
8463 3239
2682 1652
4353 902
3155 3387
3632 1931
5950 2617
9912 2808
1745 2933
3059 3482
3965 3726
3552 1374
1134 1254
645 2663
1933 1955
1280 1511
2002 1453
1697 3338
6224 1588
2721 3552
4446 1535
2485 2759
8812 2250
3707 2544
487 2140
6047 2712
9671 2758
9034 1269
199 3306
7703 1669
2754 1603
7229 4555
6514 3944
1943 2889
8164 807
8725 3050
7654 4058
1425 1143
4903 3528
5452 2704
7642 3572
5869 3228
5577 1759
7374 2325
2529 2681
9469 1681
1950 1012
6438 2812
884 4610
1730 1806
1160 4893
4371 1477
1990 4427
1883 2463
1884 2386
3704 2444
3051 2862
4998 1954
9511 1454
2252 1396
9827 2966
8875 1207
4156 2538
745 3135
5632 1090
1571 2718
6283 3540
9292 2351
6885 2514
1510 4095
3140 3759
1890 1630
2572 1750
4830 1539
3084 3562
3374 3588
2999 2485
3867 1932
8783 1532
7487 2286
3349 2505
8647 4149
4835 2412
4966 2523
6938 3988
4932 449
454 4042
3469 1455
6124 2046
1793 2329
2425 2900
1811 1221
2971 3114
5705 2914
8236 2603
9915 3086
7242 3231
1801 3943
9182 3958
6674 2631
4306 1139
1874 1190
552 1981
3230 2152
6421 4297
1429 2862
158 1137
516 1560
7255 3204
8990 2685
5489 3772
3717 2881
8036 2798
1044 3280
8620 2694
2086 2547
7529 1684
4419 2966
2158 3506
1847 1602
9055 1727
6260 1279
5676 1906
9550 3032
7369 1517
2953 956
3798 3099
6387 1452
2070 2556
1060 857
341 2224
6151 2875
1597 2172
395 2771
8211 1833
1500 3544
6746 3080
1222 3782
8898 2169
2768 3263
7739 476
2059 2807
937 3594
7564 1407
3259 2957
4345 2522
3185 561
6627 5238
889 2125
5501 3483
2763 1382
7921 4037
4387 2923
8830 3603
4659 15
8976 3164
4622 1612
2254 1113
4768 2560
7722 1828
6309 1759
3041 1753
2438 2351
9517 2287
3812 2882
5583 1076
699 1680
7865 535
1505 1744
3306 3144
1815 1340
9648 2532
9165 3757
346 646
5459 3859
5977 2536
5604 1613
1422 1217
7168 2605
1905 2423
1370 2320
779 2281
4510 2756
1608 3564
932 3392
8243 1200
1351 3495
8154 881
6153 3714
3132 2887
4171 3724
1484 5281
7738 2012
7939 3877
3115 3177
4642 1658
8773 2824
2471 2871
2574 2599
1456 1783
4450 1744
9645 1322
8004 1532
9398 3163
8106 0
6068 2954
2233 1653
319 3092
180 0
1667 2062
8210 2241
7824 1918
9403 1873
4900 2174
1366 2443
3847 1910
2092 2594
9487 3700
8624 3361
6158 3602
5531 2835
3953 2170
1136 3108
174 1626
6323 1500
1706 3591
5892 3293
1444 2568
9503 3495
262 3567
4849 1651
9285 1032
3190 1552
4535 5033
326 2727
5313 1789
9159 2475
7954 338
8317 2444
9488 688
2133 1778
5228 2811
2293 2669
4417 3405
1550 2079
6995 1628
6837 1854
555 4163
1219 3767
2260 740
825 3540
8494 165
6376 3520
2774 4308
1238 2851
4707 753
8967 2159
2096 4434
6742 1974
6549 1683
6320 1280
8066 3289
4099 2095
3167 3696
5203 2199
7736 3664
67 1899
9384 2251
593 2480
4423 2631
5254 3155
9976 2507
504 3627
6659 1538
7619 3246
4534 3858
3320 549
378 1313
3346 1990
15 1312
7344 728
2720 2027
9198 1422
8889 2205
7868 3433
1654 2899
493 493
9294 2679
1857 4161
9775 4558
5481 2484
5445 554
1428 2989
2427 4303
1522 3372
7886 2771
7098 2561
7291 5622
4770 1759
3619 2438
9582 1241
9320 2525
5612 3588
8244 1859
4815 2812
8794 2016
3214 2645
4548 1729
6248 3516
3993 3303
2510 3091
304 4297
880 1406
4303 2133
7869 3275
7246 4136
4495 2040
8540 2311
4178 2730
9707 2124
7839 1434
4071 2167
3547 4112
2629 2822
1844 3732
8819 2627
8303 3141
6087 2864
2793 3091
812 4905
3642 3493
8913 2680
9129 2493
5616 2338
4584 1170
8001 2673
9338 2201
1140 3184
3177 0
9005 1945
2970 536
301 1383
7028 2764
8393 1706
9179 2836
7938 3531
3699 2421
2481 1738
5142 2145
6965 1156
3088 3003
8931 1637
1580 2934
3700 2336
6582 2035
5999 1523
6665 2793
5123 1909
9181 1960
7432 2108
6245 2240
7351 1892
3068 4603
7106 1974
4344 4895
8368 783
1155 2059
2251 1810
1871 2766
6886 1007
7769 2027
8590 3502
9444 2678
7323 3639
3248 3683
5927 3617
7584 3539
8427 2504
7386 3452
7209 2259
8655 1022
1447 4681
1748 1231
7603 1207
774 1879
1255 1684
6957 3948
8228 3288
5463 1903
9761 1615
3026 1800
1418 1902
4188 2444
8673 2791
2424 2434
1562 2760
6710 2799
9026 1558
9377 2067
5494 772
7433 2657
6321 3449
125 3405
8985 391
981 3508
5389 2426
2990 3150
5781 2376
750 777
9792 1979
3142 3033
1909 3700
7189 1561
3841 1790
3422 3349
9891 2315
7569 3954
7446 1451
2306 3553
3928 1559
2340 3893
3534 3333
7847 2440
5195 2895
6028 4465
988 2249
6546 1646
8389 3184
9451 2880
9380 2607
4310 3530
4015 2949
7841 1701
2630 1941
3959 3461
6963 3115
5284 2902
8957 2535
3421 3889
1728 2001
3540 2160
2651 2723
7042 4446
4749 1121
5258 2356
5643 533
5539 2116
1813 2284
5913 2918
9244 2668
532 1306
7032 1956
4791 3370
3058 4070
8339 2218
6759 2610
1911 1511
445 2454
9044 4316
8353 3895
9937 2785
3362 2362
3441 3715
3298 2927
8155 1942
2257 2497
3268 2284
458 1986
2623 1290
6972 3520
7918 3432
1396 3739
390 3308
1575 1482
3830 4836
5809 1311
2843 4475
4906 3481
1595 2439
2347 2101
229 1991
8020 4132
2183 2859
1926 2349
8477 4165
9066 3466
1294 1565
6905 3466
4199 2381
9352 2309
2080 1742
6992 1590
8840 3865
452 2963
112 3476
9708 3373
2241 3454
1281 1813
8696 1896
2767 3199
786 1688
7870 342
5318 2898
6780 2083
3352 2370
582 1351
8344 1716
3405 2377
6781 3340
3571 3429
9789 2204
940 1321
5891 1546
1630 222
7515 3089
4988 2266
886 2105
7496 3824
4725 1785
510 5459
7901 1527
8741 713
282 3299
6588 4321
2660 2093
2338 4426
7591 2927
6644 3576
5646 2717
8852 3742
5488 1231
3112 3689
2618 3163
3213 2005
7219 2521
5956 2490
6533 2840
5848 2827
3689 2713
689 3044
6422 2494
7222 753
7091 3029
9758 3272
4812 3494
1231 2169
9207 1512
1760 1602
7889 2257
373 2231
4867 3146
1329 1151
4192 3079
224 2680
1201 1567
1855 2989
53 1980
3816 151
5721 1351
3611 2049
3644 2757
6651 2962
3670 21
8699 2862
4694 3081
2524 3690
7930 1675
5241 727
5324 1292
5970 1349
1438 969
7033 302
5914 1514
9576 2682
9579 3644
962 3377
4186 1566
2755 3405
8549 1291
1992 3211
4980 3058
2668 965
9064 3550
7951 2130
5192 2350
4964 2895
4436 824
6636 4140
8026 3675
3217 1677
782 4024
9907 1137
443 1772
6699 1405
9799 1035
8626 2585
622 3568
9205 3760
942 4289
3319 3597
288 833
6643 3271
9956 2396
761 1142
686 2870
2917 3546
7465 4865
6078 915
2244 925
717 3383
828 1836
1582 1247
8298 3787
505 2869
8886 3694
3987 1976
2756 1873
6861 2554
7234 3137
5670 2160
642 2317
227 1353
9573 2942
6875 1635
3831 2962
5260 4446
7983 2671
8351 1018
3260 3341
1809 4057
1440 1645
5049 637
4177 1425
4191 3057
4045 5555
9844 3447
9920 2148
472 3175
8082 2523
6878 3489
974 2808
7988 2616
8418 1785
7772 2124
1008 1341
3324 1998
6467 1174
5434 2490
5491 1657
213 3564
5870 3848
5359 1761
4514 2324
9911 2362
5387 1573
3602 1922
3208 1988
513 2456
8227 3133
2136 3965
5183 3036
7053 3795
1538 2922
7899 3130
2249 2296
8706 5087
2365 4850
7782 2646
3396 1724
8839 1688
5980 1778
2333 1194
9272 3770
8970 1949
9596 3116
8444 4059
3108 2617
193 3152
3712 4130
3904 1788
1540 2746
1091 2744
216 2493
7834 2823
2659 1318
1457 1233
4110 276
1512 2782
3380 437
6368 3865
8476 3254
1055 4297
1946 1949
9396 1528
6950 3265
6811 423
260 816
3273 2783
1586 1970
5726 3539
7469 3055
9959 1720
7368 600
9190 2257
4273 3842
4083 3430
3321 2808
4744 2552
1973 5208
1331 1085
823 4551
6720 1852
9342 2512
5438 965
6680 1213
7114 2802
9922 2430
6679 2387
605 3476
3287 1594
5290 1941
2877 2884
7107 2754
1226 1278
2607 2226
2287 2051
9057 3385
5618 2057
951 3027
7259 2521
9242 2863
2426 3754
6071 3171
8697 1517
2707 3791
1962 2143
7977 2857
4080 2523
1471 2956
770 2843
1075 981
8770 2217
7475 1510
1622 3635
8929 2457
5084 2451
2038 2350
8065 604
3209 3312
8996 1765
1647 1979
1251 1711
7027 2212
3665 4129
4229 2808
6591 1725
1362 2860
7909 2399
1111 2346
3951 3409
2281 3531
5540 2654
2146 3542
8891 1719
6094 2062
1267 3215
3709 2007
9260 3114
3337 459
8364 2762
3510 2520
8460 1385
7528 2910
4995 5045
8438 2981
7455 1173
9266 2472
6077 2207
2716 3094
6194 2539
5097 3564
3754 0
7011 2336
9654 963
5356 3152
5413 979
8998 2204
7497 1710
2459 4583
4420 2453
5572 3230
2507 399
6120 3576
2967 3785
4166 2843
9007 1500
8230 1508
7705 1243
9385 3126
1157 3759
9169 3673
4261 1931
9022 2411
3281 3656
1145 2607
1735 3039
4571 2159
9290 6140
6189 2229
5964 810
234 2242
3933 4664
5850 2215
2043 849
8040 3188
1013 1280
2219 3548
424 43
2169 2774
8639 1735
8721 2465
4145 2957
5755 1949
4661 2792
7833 2867
8822 1700
2913 3209
2095 2875
6285 0
6095 3672
5590 3534
2541 1426
602 1409
1936 2317
2751 2356
3944 3485
8319 2322
4975 3128
6196 498
6425 2579
6600 1196
4484 2935
2473 3090
5598 3219
8007 3132
2802 4144
2715 3220
7418 1732
2906 3039
2808 1027
4043 3330
3635 4421
95 2288
9965 803
2745 1095
1655 2649
7428 847
1374 1943
7130 987
3648 3825
1431 1334
6435 2291
1523 3070
4494 2403
5988 2154
7101 1252
4898 1800
247 3319
9646 2377
4246 3346
9304 3085
705 3209
9215 2708
7039 3529
7194 2851
6624 2271
1750 2493
5922 2302
3377 2537
4565 1400
797 2717
8315 1173
6709 1969
4432 2850
173 3264
4937 3429
8252 2357
9983 4145
1288 2874
518 2660
8826 1671
6848 2888
8708 3601
968 2379
1380 618
9058 1744
909 2909
4443 2723
8178 2545
9373 1779
1089 2981
9009 5124
9974 2770
8685 2195
6822 3729
1150 2022
459 1885
753 2225
147 1631
5853 3313
650 3485
3121 2069
3764 1674
9762 3006
9183 3389
7466 4703
531 3493
1623 3088
5907 1141
8628 3258
2137 1415
7022 2432
9321 3491
3004 1205
5138 2871
8944 2730
8096 1829
6005 4024
6805 3539
5747 1640
5550 1858
4934 1327
2292 3994
4954 2318
5065 2127
918 3317
1315 2751
7629 3044
2855 650
8632 1213
6369 371
9237 4027
1314 3975
3954 2417
43 2934
536 1987
3014 3265
1761 2907
7557 3632
2405 3216
8762 1114
2903 2698
8882 2837
6109 2211
676 1396
7717 1692
5201 1932
2966 2912
17 1543
1668 1820
4107 2104
6489 3279
1443 1076
4974 2803
1521 3522
7679 1850
3832 2700
3290 2283
1104 968
2878 855
7121 1840
1497 4871
2546 1307
3095 4012
7940 691
374 4481
3982 2394
574 898
1796 3064
3076 1269
7382 2007
2931 4285
4357 2697
963 2821
5803 2426
7661 2441
8169 2353
7453 3105
4120 1280
1212 1133
7202 1236
803 3401
6231 4239
6543 2459
8081 647
4580 1900
2759 3412
2863 3289
5592 2136
4693 5268
7904 1116
7117 2390
2428 2769
8828 2020
1006 3163
3949 2022
4348 2194
9928 3439
5379 3528
190 4323
1286 3333
6193 2157
8183 1268
6589 2253
2594 3289
6932 2829
7914 3119
9457 2852
7102 2764
9964 3139
1611 1134
9818 640
6508 1414
7301 2009
5101 3913
6026 2943
9699 1227
6498 2815
4788 2888
6059 3595
8135 3482
2370 3563
1979 1381
6139 1971
4412 3300
385 2389
9760 1476
1467 2311
2787 2776
4985 3106
5047 2850
4526 2208
1342 2874
5311 3867
4365 1170
5719 2400
6173 2452
3957 3509
6 2913
6463 1334
8168 894
2266 1705
6419 2753
4239 1069
4832 1785
3382 1743
1053 1599
1983 1084
4576 1790
3875 2926
2161 3524
347 1686
7710 3165
3614 3476
1128 3650
5519 3093
20 3355
2368 504
1854 3185
2198 3747
8010 2209
8656 2596
983 3647
3063 2414
7747 3472
8802 2113
4202 1885
5216 2100
9178 2983
2898 2958
5435 3517
1113 3211
2246 2257
4063 2418
3018 2735
8566 2896
9485 2152
1947 2221
3658 2491
118 3660
7981 1921
9295 3127
3025 1626
1237 1247
5773 1092
1476 2142
1279 2606
5910 3774
2852 4116
4858 2291
5025 2204
1737 3346
2695 4173
5586 3062
5476 3275
2498 2699
1615 2063
6162 3674
230 2132
8447 1846
6217 3604
8296 2785
2786 2295
549 4276
4142 4613
876 2605
4524 2638
9794 895
9421 2561
6152 2717
2412 4483
4228 3426
3031 2220
7982 4946
8414 3289
4861 3948
3365 2052
3089 1090
433 1826
8213 3518
3394 3571
3417 3127
5788 1520
8781 2272
5308 775
6937 655
5785 3191
4301 3813
506 663
9600 1900
6619 4820
9174 1395
9558 965
9675 1198
6186 3611
6395 3570
6001 2499
6172 2890
2922 3724
2170 2220
5890 3033
6512 2103
892 2363
5867 3129
4249 3573
2084 1356
9412 2646
8704 998
2503 1746
2177 2965
163 1933
670 3314
5156 3094
7726 1679
4286 2435
7019 1528
6409 4020
7761 1346
3481 3288
9530 781
749 2831
7573 2369
925 2883
4213 3250
3366 2421
3198 1973
2758 3147
2789 3115
2313 2963
6441 3174
6727 2050
4722 1759
781 3497
831 2771
1922 1759
7810 2776
1504 2830
5625 1283
8576 3767
1481 1926
1767 3176
1999 0
8314 3147
7176 1965
124 1640
1017 1972
2702 2540
8009 3518
5046 2956
8223 3494
3917 2892
4210 3630
1272 1302
9545 1737
6372 1912
2046 1720
9630 1575
9438 1282
3892 2701
3360 1880
9636 1853
926 2981
2625 2495
827 4004
2706 2528
6003 3637
3806 4820
7640 3535
572 3556
7017 3774
9497 1563
294 4403
7100 2107
9767 916
6541 1600
1821 2837
2325 2700
7770 1030
7609 3932
5003 3432
3988 1574
9030 858
7724 2974
2348 2645
867 3241
6880 2864
9286 1875
2760 2010
3524 1281
8662 3511
3916 1943
5105 2999
408 2537
3146 2482
7513 2497
1663 2073
1820 3304
7613 3341
6755 1982
7991 3976
1851 2949
1561 1909
6925 621
1519 3654
9559 2907
2294 2746
2232 3159
1080 1606
8302 2333
8646 1947
1225 2758
4241 1866
3398 599
8851 2416
8753 2684
9861 3376
9270 2711
3434 3510
9111 2366
6386 1013
7269 1458
6955 1434
6019 3325
457 2420
5136 3926
6583 4354
3563 4183
3181 1533
4733 959
6924 809
4468 2198
1628 3099
1142 2320
3263 3901
7371 2676
8535 3638
4172 4147
7560 2552
1570 1760
9611 2586
3986 3231
8919 1384
9410 1962
9193 1355
5578 2848
2514 1839
5282 2731
6269 2764
8320 2541
8048 3174
9362 2743
8454 3233
1215 2888
4032 2230
419 2290
3682 3566
6550 1808
2964 3109
5116 2371
4388 2566
5538 958
3873 579
1887 3203
5943 2298
3759 2635
4320 2884
57 4347
9117 2105
5297 1687
40 3478
4805 1543
3295 2795
6523 3452
6602 1574
4663 2052
8162 2093
8574 3760
7414 3851
5108 3291
8098 375
3229 2332
9651 2090
9992 3029
183 2562
1239 4570
7586 819
6527 3410
7184 2516
9088 3882
5237 3080
8365 3187
1200 3610
283 2648
3955 3034
7614 1940
3460 2247
1394 2059
236 2955
3388 920
4493 1842
8833 2106
2482 3546
7161 3792
4328 1664
4415 1077
6460 2756
7978 2460
6132 2896
6205 3577
6475 4152
2394 2681
6239 2120
6065 2812
9471 2436
153 2804
6749 1719
813 2908
6764 3457
8560 2703
8796 2967
9287 2582
6522 2429
7501 1549
8711 502
4449 926
1716 2284
6634 2819
2154 3543
8372 2693
1719 2593
5710 184
5655 2682
9284 978
4739 1931
7523 2214
465 2552
2207 1913
919 2810
4205 2857
7197 2574
9495 3164
2399 3229
239 2787
4567 1961
372 3166
6584 792
2366 2932
9779 1761
4298 2497
8939 2616
4428 1882
2390 2397
2955 1961
4839 1632
102 2966
8766 2951
384 3305
8080 3398
5556 1474
2792 4316
5270 3427
9877 4743
9788 2146
9239 2326
3351 2826
7063 1191
8865 2461
4414 3370
8117 2364
9641 4186
4919 6301
2726 1719
1888 3058
9219 1874
7012 3512
264 1199
8860 4932
8867 3761
2048 2794
3267 1495
747 1181
4154 3975
3511 2635
4073 2104
1295 2228
3952 1054
6653 1310
5209 2597
5794 3902
2276 3568
9529 5404
6633 3266
6208 3341
763 2778
5068 3447
4996 1863
8330 1214
8553 1882
6767 3875
8537 1847
7967 1714
4972 1789
7444 2538
5786 2586
8702 3344
9549 3258
2947 2713
9721 3611
7203 2866
5190 2607
7896 2270
9150 1578
7115 2186
2902 1757
1273 2558
3744 2726
1404 2315
5380 1121
2837 3760
2476 2636
4710 3594
3939 1960
6977 2290
2719 1807
7000 2462
479 2157
3172 3123
275 2877
1920 3666
8854 1839
9624 1798
2708 4176
9952 3662
8057 2661
1669 2134
8293 2253
1175 2224
5945 2840
2301 1452
7105 2608
5752 4403
9926 2483
7169 1020
3884 3271
4615 2066
5835 0
5746 2666
5231 1078
1153 3761
4173 1988
7399 2460
956 2507
6462 2712
8458 1848
9038 3185
3340 4501
9578 2650
6227 2557
8600 3118
4734 1771
1301 2440
5689 2823
2841 1204
4717 4293
1213 3878
9841 2218
9620 2346
6577 2628
6219 2971
8610 2449
7636 3078
961 2942
2658 836
8832 3123
3126 2142
8271 1979
8074 1297
9978 3148
8 2547
8437 3600
1777 1935
931 947
4511 2997
7786 1433
1129 1729
4405 2096
4714 3086
2585 3645
5496 2767
9910 1466
6093 3444
2093 4071
4121 3964
9583 1482
8051 3328
1861 2624
8813 2493
7798 4230
9764 596
619 3766
1687 1473
4757 1762
5821 2500
7268 2785
6802 2558
970 4162
9014 2785
6723 2977
4611 3109
5165 2083
3399 3530
1086 2396
9268 1585
9332 1784
943 1794
206 3948
7549 2344
4911 2856
9835 3855
3809 2911
1198 729
1023 1040
5701 2299
5208 1899
8581 1833
5971 2218
7390 4109
5875 3810
6761 2750
5054 2898
6826 2815
7049 3579
4077 3492
2693 2492
8874 3456
8323 3397
2326 2852
7170 3806
4956 3359
7763 800
8980 1381
2739 2063
521 3090
6117 3770
8907 992
977 2452
8247 3444
6660 3592
3549 932
6468 757
1031 3094
9787 2256
8586 1565
5007 1422
2835 4309
8710 4022
4990 2175
4130 2840
9532 1591
8689 1628
6815 1096
9319 3996
8479 1770
139 2458
1743 3093
375 2404
7214 3752
2979 1866
300 1915
8758 2013
3942 2030
5650 1916
4037 1280
1490 2926
3497 2714
4287 3705
6931 2345
3822 2824
2369 2904
8857 3171
5674 4226
3817 2766
2462 2143
8413 2231
3791 2356
6839 1802
2926 3079
4696 3428
9747 2356
9751 3197
7171 1678
6947 2916
1441 2931
743 2986
6363 3664
6178 2458
5184 3098
7623 2232
2334 2522
4056 717
5589 2195
792 953
6076 81
3514 2239
5317 1928
5253 2805
6091 1734
1494 4279
7393 2622
1435 2438
1710 4088
7727 3282
9679 2712
7530 3821
3543 2081
995 2913
2060 2591
1229 3565
7499 2256
5696 3803
565 1405
7119 2769
2516 1680
7971 1916
2166 3367
4153 1542
7110 2898
4531 2091
8779 1771
5303 2814
2828 2249
1808 3506
8139 2076
2066 3271
6011 2630
5261 3421
2646 1525
7913 3354
6556 4151
3258 3076
3780 829
8548 4261
6835 3286
5385 3835
5056 1100
2434 2060
2744 2111
1966 1377
7036 2397
9571 2562
1167 4270
5885 1642
7785 2738
741 3045
5825 2439
3735 3599
930 1633
3424 1882
2513 1914
2442 2363
150 2278
6022 1870
8542 3011
2521 1798
8810 2470
3330 2933
3283 2384
2592 2623
3696 1913
5673 904
498 2949
764 3540
1028 2420
3705 1736
5280 3051
3729 1334
6302 4022
7686 2078
1751 1455
2697 1593
8209 3280
371 1177
1781 1797
4075 2894
7583 1920
8086 1891
5810 897
1411 3720
723 1117
3086 4004
9095 4109
5189 2257
9359 4212
1014 1132
5878 3613
8123 1474
1951 3637
82 3814
6272 2153
1893 2407
6413 1705
370 2250
7737 2770
8803 2580
2053 2300
2655 2780
6513 2017
4483 1815
2316 1917
2105 1424
4453 2550
8676 5060
1662 1371
7431 2830
3002 2053
3792 1841
8717 2990
286 2714
8594 1784
9804 3389
9094 3015
4214 3493
6595 4061
9591 3027
4843 2134
8979 2280
7342 2532
6578 2535
4049 1763
4272 1924
9502 3533
3623 1476
1409 1097
7183 2189
