900 5014
23 28 9 21 18 9 9 24 20 22 6 7 16 3 24 4 21 8 4 29 30 27 19 19 30 8 21 14 18 9 27 21 1 4 30 10 27 11 26 8 11 22 30 8 6 30 2 30 30 30 8 7 7 30 11 18 26 13 30 17 2 12 20 14 11 19 5 2 26 28 7 10 19 14 16 30 28 26 29 10 23 7 11 18 13 16 1 30 20 2 17 23 17 20 12 5 12 25 22 13 18 14 19 13 14 16 21 20 22 14 12 5 20 3 27 12 21 22 12 29 6 5 30 14 12 14 27 7 23 14 6 7 11 28 12 20 10 23 3 28 27 13 18 3 18 18 20 17 11 17 28 23 29 15 1 29 1 4 16 15 17 30 4 2 14 9 18 3 23 29 20 16 24 22 20 29 16 16 5 23 10 25 9 6 11 24 3 1 20 11 21 25 1 28 2 26 29 22 29 28 6 13 20 28 13 28 22 10 19 16 4 8 22 7 28 19 5 12 11 21 5 19 9 4 5 14 16 16 12 16 30 30 1 20 15 15 10 16 26 26 15 11 7 21 2 2 28 9 15 26 21 11 24 24 23 29 15 30 25 11 27 7 14 3 22 16 23 9 15 16 15 14 30 8 21 29 7 11 7 9 27 30 9 7 11 30 29 12 28 9 1 12 17 26 10 5 22 20 1 30 12 17 19 11 21 1 12 10 25 27 8 21 30 5 25 18 18 27 2 28 28 2 7 19 28 30 11 12 12 23 3 11 3 20 7 4 12 3 25 14 24 22 26 2 13 29 16 6 27 12 29 26 25 11 17 15 15 20 27 11 11 23 3 16 18 30 22 25 23 14 1 21 2 3 27 25 29 29 9 13 20 17 6 23 6 13 9 15 18 19 2 5 17 16 16 13 10 12 22 14 16 18 26 27 1 19 1 30 29 20 10 23 15 21 15 17 25 30 30 11 15 19 10 1 1 11 4 12 8 4 18 19 1 29 20 15 19 19 15 8 1 24 20 22 26 13 1 15 9 5 10 5 15 11 28 3 2 7 23 28 18 25 12 21 11 7 15 30 4 2 8 8 13 26 27 12 22 30 30 14 25 24 8 28 12 8 17 30 9 16 29 10 23 10 17 22 18 18 10 23 24 10 16 10 18 13 25 9 3 24 19 26 14 10 9 26 27 15 16 3 18 15 24 20 22 30 15 22 18 5 30 16 15 10 24 17 29 11 1 16 26 8 21 30 15 28 27 15 10 7 9 20 11 18 30 30 19 20 21 18 28 14 5 13 24 6 17 18 7 16 9 24 17 6 8 11 23 2 30 27 27 4 14 4 17 18 29 14 27 13 20 19 13 5 25 20 8 2 21 1 22 25 8 6 15 4 27 13 5 14 2 24 22 25 13 30 27 9 2 24 16 9 20 8 8 5 27 10 13 4 24 25 17 2 20 9 18 8 6 23 10 9 18 19 10 26 22 19 10 20 22 8 8 23 4 10 19 3 7 8 4 10 1 21 16 4 17 13 14 29 24 8 9 10 17 5 7 19 19 21 19 24 10 13 19 28 30 23 23 29 9 5 5 5 7 27 28 15 24 2 21 17 20 12 5 13 1 1 10 26 27 30 22 29 1 6 29 30 8 19 25 22 12 11 26 13 10 28 13 1 4 8 9 30 24 8 15 13 12 27 16 9 28 22 21 17 24 17 24 13 21 3 4 18 27 4 20 17 18 11 24 2 29 25 18 3 2 9 14 24 24 11 25 13 23 12 23 5 29 20 10 14 22 22 5 9 2 24 15 26 10 13 16 25 21 17 20 23 25 29 29 27 12 21 18 20 17 22 1 1 11 3 19 5 2 15 17 8 25 30 6 18 15 22 4 18 3 4 13 8 26 29 12 10 15 20 22 29 6 20 2 10 24 17 13 9 15 3 22 19 5 18 1 16 12 17 1 16 27 17 1 26 29 30 4 6 7 7 3 13 9 1 26 30 30 2 10 11 15 4 30 15 7 24 6 8 23 11 26 2 14 10 24 13 23 23 21 6 13 13 
1 2
1 29
1 51
1 115
1 227
1 303
1 363
1 376
1 535
1 567
1 687
1 793
2 3
2 115
2 277
2 281
2 413
2 695
2 765
3 4
3 45
3 60
3 120
3 215
3 243
3 547
3 549
3 563
4 5
4 8
4 51
4 390
4 494
4 549
4 569
4 745
4 780
4 830
4 856
5 6
5 167
5 245
5 259
5 424
5 476
5 560
5 876
5 884
6 7
6 329
6 333
6 337
6 381
6 524
6 580
6 590
6 602
6 626
6 780
6 802
6 825
6 826
6 852
7 8
7 115
7 135
7 167
7 204
7 210
7 264
7 279
7 455
7 749
7 780
8 9
8 222
8 251
8 292
8 465
8 490
8 685
8 716
8 752
9 10
9 34
9 140
9 366
9 628
9 737
9 815
9 818
9 848
10 11
10 71
10 111
10 291
10 533
10 597
10 715
10 876
11 12
11 130
11 175
11 323
11 503
11 546
11 561
11 637
11 697
11 872
11 899
12 13
12 80
12 262
12 295
12 320
12 338
12 365
12 454
12 461
12 504
12 707
12 794
13 14
13 288
13 373
13 458
13 603
13 686
13 703
13 840
14 15
14 101
14 362
14 614
14 833
14 881
15 16
15 48
15 84
15 86
15 354
15 439
15 616
15 677
15 743
15 775
15 820
16 17
16 18
16 27
16 134
16 227
16 402
16 632
16 708
16 712
16 776
16 815
16 841
16 843
16 896
17 18
17 131
17 190
17 242
17 250
17 295
17 328
17 391
17 691
18 19
18 247
18 418
18 508
18 529
18 564
18 654
18 790
18 834
19 20
19 103
19 156
19 823
20 21
20 114
20 236
20 269
20 486
20 558
20 716
20 831
20 873
20 894
21 22
21 81
21 158
21 160
21 247
21 325
21 423
21 424
21 451
21 621
21 774
21 844
22 23
22 82
22 236
22 270
22 296
22 302
22 449
22 458
22 465
22 541
22 575
22 578
22 627
22 671
22 754
22 846
22 855
23 24
23 44
23 193
23 351
23 528
23 584
23 792
23 804
23 867
24 25
24 68
24 136
24 226
24 234
24 363
24 419
24 428
24 466
24 697
24 805
24 807
25 26
25 232
25 320
25 410
25 575
25 757
25 801
26 27
26 167
26 436
26 493
26 533
26 617
26 620
26 653
26 834
27 28
27 113
27 185
27 391
27 524
27 535
27 719
27 779
28 29
28 136
28 375
28 592
28 692
29 30
29 90
29 152
29 193
29 342
29 351
29 373
29 476
29 577
29 652
29 662
29 699
29 777
30 31
30 39
30 65
30 66
30 223
30 409
30 435
30 504
30 527
30 615
30 764
30 803
30 845
31 32
31 76
31 115
31 355
31 653
31 723
31 870
32 33
32 44
32 62
32 106
32 115
32 235
32 325
32 447
32 493
32 518
33 34
33 225
33 231
33 294
33 365
33 543
34 35
34 41
34 101
34 128
34 239
34 308
34 526
34 711
34 731
34 745
34 839
34 841
35 36
35 89
35 171
35 193
35 214
35 443
35 449
35 498
35 524
35 613
35 675
35 773
35 793
35 853
35 872
36 37
36 242
36 402
36 423
36 698
37 38
37 64
37 172
37 215
37 321
37 414
37 427
37 517
37 818
37 834
37 852
37 887
38 39
38 92
38 188
38 246
38 338
38 384
38 455
38 642
38 681
38 721
38 748
38 765
38 853
38 884
39 40
39 203
39 213
39 478
40 41
40 67
40 75
40 89
40 106
40 111
40 112
40 526
40 586
40 675
41 42
41 82
41 126
41 137
41 176
41 211
41 246
41 318
41 360
41 381
41 504
41 597
41 739
41 826
41 880
42 43
42 336
42 369
42 492
42 588
42 830
43 44
43 124
43 271
43 314
43 324
43 336
43 355
43 365
43 486
43 548
43 609
43 765
43 860
44 45
44 130
44 433
44 480
44 483
44 591
44 717
44 833
45 46
45 209
45 327
45 329
45 481
45 533
45 629
45 660
45 708
45 842
46 47
46 119
46 161
46 333
46 373
46 561
46 582
46 678
46 743
46 758
46 868
47 48
47 100
47 108
47 110
47 220
47 239
47 396
47 449
47 463
47 472
47 559
47 563
47 580
48 49
48 111
48 138
48 440
48 544
48 637
48 666
48 782
48 813
49 50
49 81
49 131
49 211
49 254
49 258
49 311
49 499
49 511
49 598
49 780
49 812
49 819
49 829
50 51
50 220
50 360
50 405
50 413
50 546
50 845
51 52
51 80
51 96
51 264
51 361
51 413
51 646
51 663
51 679
51 688
52 53
52 183
52 511
52 516
52 631
52 632
52 774
52 779
53 54
53 163
53 272
53 323
53 389
53 536
53 568
53 741
53 836
53 870
54 55
54 100
54 172
54 305
54 330
54 407
54 430
54 486
54 665
54 731
54 811
54 885
55 56
55 282
55 445
55 474
55 503
55 595
55 630
55 855
56 57
56 290
56 344
56 549
56 614
56 635
56 643
56 773
57 58
57 271
57 315
57 326
57 376
57 526
57 656
57 684
58 59
58 521
58 566
58 665
58 683
58 698
58 799
58 838
59 60
59 118
59 173
59 223
59 347
59 430
59 471
59 545
59 717
60 61
60 382
60 436
60 639
60 815
60 836
61 62
61 156
61 172
61 229
61 361
61 435
61 541
61 569
61 593
61 653
61 719
61 751
62 63
62 473
62 562
62 570
62 676
62 707
63 64
63 239
63 626
63 723
63 807
63 877
64 65
64 150
64 221
64 237
64 403
64 441
64 668
64 703
64 788
64 867
65 66
65 243
65 299
65 484
65 503
65 568
65 639
65 642
65 704
66 67
66 162
66 302
66 335
66 338
66 385
66 416
66 461
66 626
66 648
66 714
66 862
67 68
67 339
67 364
67 613
67 684
67 695
67 697
67 751
67 844
67 853
67 866
68 69
68 312
68 372
68 380
68 450
68 492
68 568
68 643
68 711
68 733
68 768
68 812
68 893
69 70
69 109
69 271
69 373
69 459
69 479
69 570
69 722
69 765
69 775
69 839
70 71
70 82
70 311
70 317
70 445
70 783
71 72
71 141
71 335
71 506
71 575
71 762
71 765
71 802
71 886
71 898
72 73
72 152
72 395
72 519
72 532
72 551
72 560
72 566
72 642
72 661
73 74
73 152
73 164
73 628
73 819
74 75
74 202
74 297
74 348
74 418
74 437
74 627
74 704
74 852
75 76
75 142
75 242
75 280
75 286
75 288
75 557
75 764
76 77
76 122
76 183
76 233
76 251
76 337
76 369
76 717
76 787
76 867
77 78
77 204
77 375
77 456
77 479
77 543
77 703
78 79
78 187
78 195
78 368
78 604
79 80
79 121
79 181
79 282
79 306
79 335
79 550
79 606
79 640
79 738
79 797
80 81
80 145
80 245
80 247
80 402
80 575
80 623
80 739
81 82
81 408
81 470
81 543
81 562
81 583
81 585
81 700
81 718
81 842
82 83
82 194
82 213
82 463
82 671
82 683
82 813
83 84
83 156
83 541
83 570
83 635
83 671
83 677
83 771
83 845
84 85
84 343
84 418
84 470
84 573
84 600
84 630
84 638
84 654
84 665
84 687
84 704
84 728
84 760
84 787
85 86
85 107
85 465
85 605
85 620
85 722
85 731
86 87
86 90
86 122
86 173
86 332
86 428
86 514
86 638
86 640
86 657
86 812
87 88
87 313
87 330
87 355
87 490
87 498
87 575
87 626
88 89
88 195
88 355
88 451
88 493
88 571
88 670
88 816
88 853
88 884
89 90
89 207
89 246
89 429
89 487
89 491
89 566
89 623
89 677
89 890
90 91
90 207
90 294
90 310
90 410
90 417
90 495
90 502
90 561
90 657
90 728
90 774
90 827
91 92
91 253
91 319
91 514
91 521
91 585
91 592
91 615
91 661
91 780
91 857
92 93
92 308
92 317
92 518
92 542
92 626
92 647
92 715
93 94
93 179
93 220
93 244
93 310
93 319
93 337
93 494
93 573
93 582
93 584
93 653
93 777
93 864
94 95
94 309
94 329
94 529
94 646
94 668
94 676
94 795
94 882
95 96
95 138
95 357
95 396
95 452
95 477
95 500
95 515
95 643
95 737
95 763
96 97
96 305
96 345
96 389
96 512
96 571
96 680
96 753
96 899
97 98
97 346
97 386
97 398
97 422
97 572
97 702
98 99
98 233
98 245
98 509
98 529
98 531
98 615
98 657
98 702
98 767
99 100
99 212
99 278
99 293
99 601
99 620
99 651
99 733
100 101
100 349
100 382
100 486
100 548
100 663
100 729
100 730
101 102
101 155
101 466
101 721
101 757
102 103
102 319
102 447
102 473
102 481
102 630
102 647
102 693
102 773
102 780
103 104
103 110
103 145
103 175
103 229
103 397
103 439
103 473
103 610
103 710
103 717
103 731
103 775
103 792
103 839
103 888
103 897
104 105
104 107
104 120
104 174
104 277
104 352
104 400
104 570
104 582
104 762
105 106
105 113
105 202
105 258
105 319
105 341
105 392
105 419
105 451
105 452
105 848
105 864
105 888
106 107
106 131
106 158
106 199
106 287
106 552
106 570
106 658
106 784
106 888
107 108
107 193
107 200
107 254
107 300
107 571
107 576
107 626
107 667
107 682
107 742
107 881
108 109
108 197
108 270
108 335
108 382
108 689
108 690
108 739
108 750
109 110
109 309
109 346
109 362
109 475
109 479
109 578
109 653
109 781
109 793
109 795
109 876
110 111
110 153
110 165
110 242
110 252
110 335
110 521
110 745
110 774
110 868
111 112
111 628
111 806
112 113
112 232
112 410
112 485
112 512
112 595
112 644
112 654
112 656
112 868
113 114
113 278
113 319
113 445
113 489
113 497
113 500
113 519
113 584
113 714
113 802
114 115
114 361
114 402
114 453
114 471
114 485
114 544
114 574
114 741
114 861
115 116
115 162
115 231
115 260
115 307
115 419
115 429
115 455
115 495
115 555
115 618
115 890
116 117
116 227
116 383
116 458
116 524
116 626
117 118
117 181
117 358
117 369
117 537
117 668
117 845
118 119
118 239
118 280
118 483
118 542
118 590
118 600
118 634
118 721
118 794
119 120
119 286
119 314
119 429
119 492
119 522
119 865
120 121
120 291
120 435
120 508
120 523
120 530
120 621
120 660
120 882
121 122
121 141
121 188
121 234
121 244
121 402
121 469
121 513
121 733
121 790
122 123
122 154
122 219
122 294
122 356
122 358
122 542
122 639
122 668
122 792
123 124
123 353
123 371
123 402
123 488
123 546
123 658
124 125
124 140
124 244
124 262
124 359
124 361
124 526
124 655
125 126
125 201
125 238
125 488
125 507
125 556
126 127
126 177
126 381
126 500
126 554
126 806
126 813
127 128
127 141
127 183
127 193
127 202
127 236
127 349
127 360
127 414
127 426
127 522
127 561
127 618
127 723
127 726
128 129
128 278
128 294
128 331
128 464
128 494
128 736
128 863
128 891
129 130
129 144
129 410
129 496
129 734
129 740
129 807
130 131
130 159
130 234
130 287
130 364
130 434
130 509
130 581
130 593
130 650
130 719
130 730
130 771
130 852
131 132
131 143
131 167
131 176
131 305
131 419
131 534
131 551
131 705
131 729
131 887
132 133
132 290
132 486
132 560
132 628
132 677
132 781
132 867
133 134
133 341
133 416
133 593
133 613
133 626
133 637
133 801
134 135
134 144
134 248
134 321
134 370
134 425
134 508
134 587
134 849
135 136
135 248
135 467
135 567
135 630
135 725
135 820
136 137
136 434
136 477
136 643
136 752
137 138
137 246
137 306
137 313
137 525
137 573
137 617
137 761
137 796
138 139
138 314
138 367
138 579
138 667
138 718
138 779
138 790
138 811
138 884
138 890
139 140
139 198
139 222
139 239
139 391
139 587
139 736
139 764
139 846
140 141
140 172
140 301
140 332
140 333
140 596
140 641
140 713
140 817
140 878
141 142
141 239
141 340
141 414
141 494
141 684
141 685
142 143
142 154
142 484
142 510
142 588
142 696
142 720
142 751
142 776
142 890
143 144
143 304
143 381
143 430
143 440
143 460
143 579
143 842
143 868
144 145
144 156
144 201
144 256
144 327
144 455
144 457
144 478
144 720
144 744
144 760
144 889
145 146
145 199
145 284
145 293
145 469
145 649
146 147
146 163
146 279
146 454
146 480
146 536
146 629
146 724
146 839
146 845
147 148
147 481
147 555
147 596
147 709
148 149
148 241
148 445
148 480
148 503
148 539
148 599
148 631
148 675
148 678
148 756
148 851
148 871
149 150
149 202
149 248
149 409
149 473
150 151
150 248
150 480
150 629
150 867
151 152
151 252
151 283
151 520
151 616
151 699
151 733
151 797
151 879
152 153
152 199
152 217
152 238
152 389
152 442
152 449
152 611
152 856
152 866
153 154
153 299
153 490
153 693
153 745
153 750
153 824
153 828
153 862
154 155
154 185
154 261
154 281
154 851
155 156
155 247
155 399
155 401
155 447
155 601
155 740
155 748
156 157
156 296
156 361
156 393
156 417
156 437
156 464
156 486
156 490
156 756
156 775
156 789
157 158
157 336
157 371
157 502
157 597
157 626
157 721
157 754
157 858
157 892
158 159
158 478
158 628
158 785
158 794
158 892
159 160
159 190
159 359
159 371
159 460
159 541
159 789
160 161
160 176
160 411
160 423
160 534
160 535
160 664
160 838
161 162
161 179
161 319
161 403
161 436
161 438
161 521
161 531
161 625
162 163
162 261
162 396
162 535
162 734
162 752
162 852
163 164
163 384
163 467
163 656
164 165
164 236
164 348
164 492
164 585
164 623
164 747
164 785
164 794
164 850
165 166
165 277
165 372
165 443
165 650
165 768
165 843
166 167
166 171
166 386
166 450
166 531
167 168
167 254
167 391
167 425
167 651
167 840
168 169
168 319
168 630
168 691
168 784
168 805
169 170
169 259
169 284
169 723
169 754
169 809
169 871
170 171
170 251
170 285
170 374
170 465
170 673
170 709
170 843
171 172
171 435
171 546
171 619
172 173
172 330
172 338
172 462
172 473
172 615
172 685
172 691
172 711
172 738
172 748
173 174
173 247
173 434
173 681
173 817
174 175
174 274
174 289
174 429
174 445
174 483
174 590
174 699
174 857
174 895
175 176
175 181
175 231
175 257
175 498
175 671
175 810
175 830
176 177
176 265
176 459
176 484
176 489
176 535
176 605
176 669
176 802
176 869
177 178
177 456
177 728
177 776
177 818
177 859
177 898
178 179
178 199
178 308
178 319
178 557
178 770
178 789
178 867
179 180
179 351
179 402
179 695
179 766
179 805
179 863
180 181
180 194
180 368
180 440
180 460
180 463
180 547
180 690
180 706
181 182
181 348
181 358
181 591
181 750
181 775
182 183
182 288
182 453
182 454
182 460
182 607
182 639
182 722
182 759
182 819
182 890
182 895
183 184
183 210
183 256
183 337
183 437
183 671
183 741
184 185
184 206
184 333
184 413
184 561
184 563
184 629
184 656
184 706
184 783
184 796
184 837
185 186
185 217
185 234
185 301
185 449
185 671
185 778
185 799
186 187
186 229
186 512
186 567
186 647
186 677
186 771
186 788
187 188
187 310
187 352
187 570
188 189
188 396
188 448
188 451
188 478
188 520
188 655
188 785
188 859
189 190
189 285
189 347
189 356
189 595
189 692
189 697
189 705
189 767
190 191
190 247
190 259
190 260
190 331
190 342
190 384
190 419
190 452
190 488
190 499
190 510
190 516
190 615
190 622
190 698
190 720
190 773
190 827
190 831
191 192
191 269
191 284
191 378
191 389
191 731
191 895
192 193
192 201
192 341
192 373
192 454
192 532
192 579
192 606
192 765
192 778
193 194
193 208
193 514
193 708
193 848
193 886
194 195
194 371
194 385
194 455
194 482
194 514
194 654
194 655
195 196
195 283
195 395
195 406
195 428
195 646
195 758
195 847
195 864
195 881
195 895
196 197
196 289
196 298
196 473
196 474
196 547
196 559
196 629
196 680
196 683
196 781
197 198
197 224
197 350
197 534
197 546
197 663
197 749
197 771
197 871
197 892
198 199
198 619
198 651
198 707
198 719
198 732
198 750
198 898
199 200
199 341
199 381
199 445
199 735
199 820
200 201
200 218
200 282
200 284
200 290
200 406
200 440
200 503
200 670
200 675
200 820
200 893
201 202
201 308
201 341
201 472
201 649
201 737
201 804
201 838
202 203
202 249
202 308
202 406
202 461
202 469
202 617
202 714
202 801
202 894
203 204
203 208
203 280
203 322
203 354
203 581
203 609
203 686
203 867
204 205
204 251
204 297
204 362
204 404
204 409
204 429
204 466
204 477
204 482
204 498
204 546
204 568
204 772
205 206
205 238
205 392
205 568
205 646
205 812
205 870
206 207
206 299
206 380
206 397
206 502
206 781
206 814
206 815
206 863
206 877
206 886
206 898
207 208
207 532
207 601
207 626
207 726
207 745
207 861
208 209
208 254
208 360
208 393
208 407
208 409
208 418
208 457
208 612
208 654
208 686
208 849
209 210
209 362
209 613
209 623
209 633
209 733
209 866
210 211
210 358
210 391
210 459
210 530
210 581
210 660
210 843
210 850
211 212
211 216
211 608
211 666
211 739
211 756
212 213
212 243
212 278
212 378
212 397
212 813
212 864
213 214
213 323
213 331
213 446
213 487
213 518
213 536
213 684
213 720
213 855
214 215
214 247
214 314
214 337
214 493
214 495
214 560
214 673
214 717
214 745
214 844
215 216
215 324
215 359
215 548
215 565
215 707
215 709
215 791
215 864
216 217
216 282
216 322
216 343
216 452
216 509
216 536
216 555
216 574
217 218
217 243
217 284
217 308
217 313
217 342
217 634
217 701
217 815
217 852
218 219
218 238
218 268
218 274
218 426
218 522
218 642
218 649
218 672
218 674
218 689
218 815
218 818
218 840
218 873
219 220
219 397
219 618
219 779
219 824
219 826
220 221
220 341
220 422
220 436
220 597
220 778
220 794
220 800
220 811
220 814
220 845
221 222
221 432
221 566
221 678
221 748
221 852
222 223
222 268
222 329
222 505
222 748
222 843
222 873
223 224
223 443
223 481
223 502
223 517
223 610
223 640
223 748
224 225
224 236
224 429
224 446
224 707
225 226
225 270
225 339
225 357
225 380
225 622
225 703
225 772
226 227
226 232
226 253
226 275
226 418
226 612
226 782
227 228
227 403
227 455
227 503
227 570
227 573
227 614
227 627
228 229
228 297
228 350
228 451
228 520
228 535
228 540
228 617
228 621
228 647
228 762
229 230
229 250
229 388
229 454
229 499
229 503
229 794
230 231
230 278
230 396
230 426
230 455
230 616
230 655
230 689
230 765
230 788
231 232
231 260
231 466
231 499
231 541
231 584
232 233
232 298
232 457
232 523
232 662
232 739
232 804
232 808
232 833
233 234
233 441
233 505
233 536
233 578
233 607
233 691
233 752
234 235
234 248
234 276
234 285
234 296
234 344
234 512
234 567
234 575
234 671
234 735
234 795
234 842
234 860
234 877
235 236
235 389
235 470
235 742
235 877
236 237
236 268
236 484
236 609
236 617
236 769
237 238
237 350
237 588
237 603
237 616
237 653
237 797
238 239
238 244
238 324
238 425
238 524
238 528
239 240
239 270
239 278
239 349
239 441
239 802
239 858
239 865
240 241
240 274
240 342
240 424
240 594
240 828
240 865
241 242
241 566
241 577
241 713
242 243
242 296
242 334
242 395
242 397
242 458
242 530
242 548
242 639
242 752
242 814
243 244
243 266
243 379
243 384
243 571
243 636
243 856
244 245
244 347
244 377
244 434
244 673
244 706
245 246
245 605
245 662
245 674
245 766
245 780
245 835
246 247
246 332
246 402
246 454
246 498
246 574
246 667
246 747
246 773
247 248
247 274
247 285
247 364
247 501
247 671
247 809
247 842
248 249
248 314
248 472
248 550
248 586
248 608
248 617
248 683
248 727
248 799
249 250
249 369
249 416
249 638
249 696
249 747
250 251
250 614
250 777
250 783
250 804
250 866
250 880
250 886
251 252
251 611
251 636
251 685
251 803
251 850
251 858
252 253
252 282
252 395
252 487
252 550
252 658
252 674
253 254
253 438
253 469
253 691
253 766
253 796
254 255
254 345
254 510
254 520
254 572
254 876
255 256
255 462
255 542
255 624
256 257
256 290
256 414
256 457
256 507
256 656
256 671
256 842
257 258
257 367
257 389
257 402
257 435
257 485
257 521
257 624
257 826
257 880
258 259
258 385
258 432
258 541
258 803
258 848
258 858
259 260
259 339
259 353
259 402
259 452
259 498
259 502
259 733
259 871
260 261
260 278
260 315
260 389
260 402
260 424
260 478
260 544
260 625
260 764
260 858
261 262
261 323
261 349
261 372
261 459
261 464
261 508
261 591
261 673
261 709
261 725
261 758
262 263
262 287
262 330
262 474
262 820
263 264
263 297
263 310
263 325
263 351
263 357
263 468
263 494
263 541
263 633
263 653
263 737
263 743
264 265
264 291
264 338
264 408
264 481
264 533
264 631
264 672
264 839
265 266
265 272
265 838
265 865
265 899
266 267
266 285
266 565
266 782
266 790
266 868
267 268
267 277
267 532
267 629
267 895
268 269
268 456
268 619
268 693
268 817
268 898
269 270
269 363
269 545
269 629
269 651
269 676
269 692
269 710
269 718
269 733
269 763
269 816
269 858
270 271
270 353
270 359
270 484
270 490
270 550
270 558
270 578
270 701
270 769
271 272
271 315
271 618
271 748
272 273
272 288
272 423
272 550
272 566
272 729
272 779
272 859
273 274
273 295
273 439
273 766
273 769
273 773
273 853
274 275
274 529
274 584
274 867
275 276
275 309
275 324
275 333
275 422
275 575
275 667
275 758
275 815
275 816
276 277
276 360
276 584
276 746
276 788
276 790
276 807
276 820
277 278
277 341
277 538
277 627
277 642
277 774
277 827
278 279
278 336
278 397
278 408
278 572
278 657
278 735
278 892
279 280
279 318
279 667
280 281
280 303
280 330
280 334
280 346
280 508
280 528
280 576
280 580
280 825
281 282
281 383
281 490
281 638
281 660
281 674
281 699
281 755
281 793
282 283
282 456
282 532
282 542
282 741
282 748
283 284
283 319
283 337
283 432
283 544
283 585
283 838
283 873
283 879
284 285
284 374
284 450
284 506
284 625
284 827
285 286
285 352
285 372
285 384
285 412
285 529
285 543
285 591
285 676
285 711
286 287
286 540
286 581
286 810
287 288
287 576
287 595
287 738
287 834
287 869
288 289
288 312
288 555
288 613
288 820
289 290
289 304
289 314
289 374
289 377
289 418
289 574
289 704
290 291
290 354
290 514
290 788
291 292
291 539
291 633
291 721
291 775
291 826
292 293
292 319
292 363
292 459
292 553
292 576
292 647
292 775
292 863
293 294
293 322
293 384
293 414
293 461
293 467
293 496
293 544
293 599
293 615
293 663
294 295
294 504
294 618
294 631
294 737
294 762
294 836
295 296
295 469
295 509
295 580
295 688
295 817
296 297
296 383
296 631
296 643
296 765
296 887
297 298
297 340
297 377
297 434
297 445
297 453
297 547
297 551
297 839
297 864
297 881
298 299
298 325
298 362
298 503
298 563
298 578
298 688
299 300
299 612
299 648
299 710
299 810
299 867
300 301
300 330
300 331
300 451
300 483
300 601
300 651
301 302
301 364
301 731
301 762
301 795
301 884
302 303
302 357
302 389
302 428
302 488
302 615
302 809
302 839
303 304
303 354
303 521
303 581
303 635
303 719
303 726
304 305
304 313
304 329
304 330
304 437
304 446
304 497
304 753
304 772
305 306
305 307
305 466
305 582
305 680
306 307
306 370
306 620
306 699
306 848
306 866
307 308
307 320
307 345
307 543
307 661
307 829
307 836
308 309
308 387
308 431
308 512
308 529
308 565
308 742
309 310
309 359
309 555
309 581
309 673
310 311
310 570
310 743
310 861
311 312
311 343
311 438
312 313
312 317
312 492
312 546
312 593
312 703
313 314
313 469
313 593
313 604
313 635
313 660
313 807
313 885
314 315
314 321
314 377
314 707
314 759
314 771
314 824
315 316
315 377
315 433
315 451
315 493
315 509
315 553
315 585
315 826
315 855
316 317
316 337
316 398
316 424
316 624
316 665
316 699
316 723
316 831
317 318
317 672
317 884
318 319
318 449
318 617
318 706
319 320
319 434
319 485
319 575
319 593
319 691
319 797
320 321
320 507
320 522
320 585
320 605
320 636
320 640
320 833
321 322
321 331
321 454
321 521
321 545
321 728
321 823
322 323
322 469
322 605
322 612
322 844
323 324
323 347
323 608
323 631
323 839
324 325
324 378
324 467
324 528
324 693
324 828
325 326
325 477
325 644
325 667
325 680
325 854
325 873
326 327
326 530
326 605
326 640
327 328
327 395
327 834
328 329
328 352
328 376
328 427
328 469
328 553
328 561
328 589
328 631
328 639
328 688
328 747
329 330
329 462
329 552
330 331
330 371
330 818
330 868
331 332
331 427
331 494
331 686
331 704
331 793
331 888
332 333
332 451
332 469
332 554
333 334
333 499
333 688
333 840
333 884
334 335
334 468
334 512
334 595
334 702
334 708
334 711
335 336
335 402
335 604
335 634
335 878
336 337
336 487
336 498
336 554
336 585
336 893
337 338
337 413
337 492
337 777
337 847
337 854
338 339
338 408
338 486
338 518
338 614
338 657
338 806
339 340
339 409
339 427
339 531
339 539
339 655
339 798
339 869
340 341
340 386
340 449
340 682
340 686
341 342
341 378
341 385
341 529
341 880
342 343
342 644
342 792
343 344
343 426
343 534
343 562
343 588
343 630
343 689
343 701
343 882
344 345
344 386
344 440
344 532
344 567
344 663
345 346
345 473
345 522
345 623
345 677
345 744
345 768
345 863
345 871
346 347
346 365
346 463
346 487
346 540
346 705
346 892
347 348
347 384
347 426
347 535
347 563
347 600
347 609
347 763
347 768
347 773
347 780
347 836
348 349
348 366
348 408
348 585
348 616
348 643
348 646
348 649
348 660
348 698
348 888
349 350
349 355
349 457
350 351
350 396
350 437
350 494
350 522
350 523
350 668
350 780
350 792
350 826
351 352
351 378
351 555
351 604
351 788
352 353
352 748
352 832
353 354
353 414
353 448
353 645
354 355
354 501
354 554
354 575
354 598
354 729
354 754
354 776
355 356
355 625
355 704
355 706
355 801
355 863
356 357
356 475
356 531
356 687
356 789
357 358
357 380
357 393
357 440
357 522
357 529
357 630
357 635
357 650
357 733
357 779
357 821
358 359
358 411
358 495
358 553
358 624
358 780
359 360
359 397
359 457
359 526
359 557
359 610
359 703
359 778
359 814
359 852
360 361
360 371
360 555
360 661
360 681
360 787
360 818
360 871
361 362
361 478
361 482
361 533
361 561
361 766
361 892
362 363
362 592
362 763
362 880
363 364
363 611
364 365
364 407
364 409
364 507
364 519
365 366
365 557
365 703
365 710
366 367
366 451
366 471
366 486
366 490
366 684
366 751
367 368
367 483
367 533
368 369
368 453
368 598
368 733
368 887
369 370
369 371
369 376
369 441
369 631
369 636
369 709
370 371
370 477
370 506
370 528
370 626
370 638
370 739
370 839
370 848
371 372
371 425
371 478
371 506
371 515
371 545
371 759
371 792
371 810
372 373
372 455
372 556
372 579
372 640
372 696
372 798
373 374
373 404
373 406
373 684
373 835
374 375
374 649
374 718
374 736
374 748
374 760
374 826
374 831
374 846
375 376
375 428
375 466
375 492
375 610
375 624
375 749
376 377
376 451
376 570
376 630
376 805
376 820
376 824
376 826
377 378
377 482
377 531
377 582
377 613
377 634
377 710
377 806
378 379
378 511
378 817
378 870
378 880
378 886
379 380
379 384
379 397
379 573
379 655
379 875
380 381
380 457
380 487
380 496
380 537
380 656
381 382
381 419
381 713
381 744
381 775
382 383
382 810
382 835
382 851
382 896
383 384
383 453
383 477
383 624
383 625
383 738
383 752
383 776
383 852
384 385
384 464
384 579
384 782
384 784
384 785
385 386
385 514
385 552
385 605
385 679
385 726
385 748
385 758
385 764
385 775
385 845
385 867
386 387
386 567
386 570
386 629
387 388
387 499
387 541
387 565
387 624
387 676
388 389
388 522
388 664
388 826
388 849
388 890
389 390
389 392
389 470
389 492
389 584
389 878
389 895
390 391
390 512
390 532
390 576
390 595
390 635
390 675
390 730
390 819
390 851
391 392
391 437
391 592
391 643
391 712
391 886
392 393
392 556
392 898
393 394
393 436
393 442
393 471
393 491
393 607
394 395
394 530
394 625
394 680
394 714
394 722
394 738
394 870
395 396
395 542
395 602
395 715
395 742
395 790
395 822
395 865
396 397
396 454
396 513
396 525
396 542
396 712
396 792
396 796
397 398
397 431
397 830
397 849
398 399
398 436
398 625
398 637
398 744
399 400
399 410
399 493
399 630
399 656
399 697
399 769
399 819
400 401
400 567
400 631
400 752
400 828
401 402
401 706
401 812
402 403
403 404
403 443
403 447
403 456
403 585
403 620
403 894
404 405
404 502
404 532
404 534
404 566
404 597
404 760
404 776
405 406
405 555
405 687
405 808
405 873
406 407
406 427
406 434
406 454
406 471
406 522
406 537
406 626
406 656
406 660
406 733
406 738
406 768
406 885
406 897
407 408
407 410
407 579
407 744
408 409
408 478
408 683
408 748
408 760
408 772
408 840
409 410
409 530
409 721
409 747
409 841
410 411
410 475
410 503
410 515
410 536
410 544
410 551
410 563
410 605
410 722
410 778
410 828
410 829
410 852
411 412
411 501
411 508
411 534
411 729
411 882
412 413
412 604
412 651
412 717
412 787
412 887
413 414
413 542
413 570
413 575
413 609
413 622
413 680
413 766
413 775
413 852
414 415
414 475
414 571
414 762
414 779
415 416
415 418
415 646
415 647
416 417
416 421
416 443
416 463
417 418
417 583
417 644
417 857
418 419
418 489
418 549
418 677
418 694
418 713
418 726
418 740
418 837
418 866
419 420
419 444
419 525
419 545
419 577
419 597
420 421
420 820
420 895
421 422
421 626
421 698
421 780
422 423
422 731
422 759
422 895
423 424
423 463
423 621
423 817
424 425
424 503
424 620
425 426
425 446
425 448
425 463
425 497
425 586
426 427
426 625
426 663
426 698
426 702
426 825
426 833
426 841
426 849
426 856
426 872
426 890
427 428
427 530
427 606
427 883
428 429
428 675
428 790
428 825
428 841
428 842
428 854
428 874
429 430
429 647
429 697
429 755
429 762
429 767
429 838
430 431
430 480
430 490
430 642
430 760
430 775
431 432
431 450
431 476
431 528
431 590
431 592
431 655
431 658
431 713
431 817
431 852
431 876
431 877
432 433
432 492
432 583
432 596
432 656
432 658
432 741
433 434
433 549
433 708
434 435
434 495
434 551
434 727
434 755
434 900
435 436
435 587
435 683
435 804
436 437
436 497
436 537
436 539
436 731
437 438
437 456
437 467
437 500
437 693
438 439
438 633
438 816
438 896
438 898
439 440
439 465
439 706
440 441
440 448
440 548
440 636
440 900
441 442
441 531
441 576
441 581
441 663
441 887
442 443
442 500
442 605
442 818
443 444
443 479
443 720
443 884
444 445
444 467
444 567
444 593
444 651
444 679
444 724
444 734
444 741
444 807
444 835
444 862
445 446
445 466
445 553
445 558
445 868
446 447
446 528
446 554
446 579
446 648
446 721
446 829
446 858
446 886
447 448
447 512
447 543
447 546
447 576
447 812
448 449
448 494
448 568
448 690
448 855
448 895
449 450
449 459
449 533
449 574
450 451
450 626
451 452
451 511
451 539
451 875
451 900
452 453
452 530
452 637
452 736
453 454
453 490
453 871
454 455
454 523
454 621
454 821
454 856
454 858
455 456
455 479
455 821
455 822
455 882
456 457
456 489
456 775
457 458
457 468
457 787
457 878
458 459
458 803
459 460
459 492
459 559
459 590
459 679
459 790
460 461
460 496
460 532
460 661
460 705
460 844
461 462
461 612
461 671
461 834
462 463
462 483
462 718
463 464
463 547
463 553
463 563
463 657
463 705
463 826
464 465
465 466
465 468
465 642
465 644
465 862
466 467
466 560
466 579
466 634
466 674
466 692
466 706
466 830
466 860
467 468
467 618
467 819
467 892
468 469
468 478
468 576
468 626
468 748
468 783
468 897
469 470
469 643
469 777
469 862
470 471
470 588
470 653
470 712
470 717
470 724
470 858
470 873
471 472
471 735
471 845
472 473
472 520
472 656
472 834
473 474
473 539
473 605
473 652
473 681
473 695
473 797
474 475
474 493
474 534
474 667
474 689
474 699
474 816
474 875
475 476
475 603
475 743
475 863
476 477
476 572
476 609
476 821
477 478
477 583
477 597
477 605
477 607
477 608
477 672
477 736
477 749
477 811
477 822
477 871
478 479
478 629
478 662
478 798
478 864
479 480
479 520
479 579
479 580
479 820
480 481
480 519
480 631
480 652
480 684
480 730
481 482
481 533
481 547
481 834
482 483
482 511
482 523
482 598
482 629
483 484
483 500
483 596
483 874
483 896
484 485
484 663
484 867
485 486
485 531
485 674
485 688
485 718
485 866
485 888
486 487
486 763
486 827
486 866
486 876
486 888
487 488
487 557
487 835
488 489
488 508
488 551
488 593
488 735
488 809
488 850
488 865
489 490
489 562
489 604
489 750
490 491
490 543
490 560
490 678
490 686
491 492
491 662
491 709
491 772
491 787
492 493
492 523
492 563
492 632
492 653
492 709
492 726
492 895
493 494
493 764
493 776
493 797
493 895
494 495
494 561
494 645
494 711
494 790
494 853
494 881
495 496
495 522
495 683
495 707
495 716
495 840
495 848
496 497
496 708
496 726
496 752
496 754
496 900
497 498
497 668
497 679
497 696
497 709
497 732
497 877
498 499
498 586
498 648
498 705
498 742
498 763
498 885
499 500
499 510
499 528
499 599
499 695
499 702
499 768
499 785
500 501
500 637
500 658
500 668
500 676
500 680
500 694
500 764
500 788
500 819
500 868
501 502
501 546
501 739
502 503
502 568
502 636
502 696
502 725
502 815
503 504
503 568
503 658
503 681
503 862
503 897
504 505
504 574
504 595
504 607
504 820
504 841
504 861
505 506
505 806
505 886
506 507
506 522
506 674
506 841
506 864
506 875
507 508
507 528
507 620
507 637
507 853
508 509
508 566
508 676
508 754
509 510
509 570
509 747
509 808
510 511
510 641
510 675
510 714
510 823
511 512
511 587
511 733
511 759
511 826
511 894
512 513
512 611
512 633
512 763
512 852
513 514
513 530
513 574
513 704
514 515
514 560
514 612
514 728
514 789
514 814
515 516
515 664
515 821
516 517
516 526
516 555
516 692
517 518
517 561
517 581
517 582
517 879
518 519
518 549
518 550
518 615
518 664
518 725
518 818
519 520
519 620
519 681
519 692
520 521
520 564
520 618
520 672
520 676
520 728
520 733
520 824
520 892
521 522
521 567
521 612
521 707
521 770
521 806
522 523
522 596
522 603
522 668
522 754
522 822
522 885
523 524
523 677
523 681
523 887
524 525
524 659
524 714
524 864
524 882
525 526
525 710
525 797
525 822
525 834
525 877
526 527
526 752
526 891
527 528
527 603
527 662
528 529
528 580
528 645
528 728
528 754
528 842
528 898
529 530
529 536
529 776
529 778
529 857
530 531
530 660
531 532
531 701
532 533
532 557
532 577
532 653
532 809
532 820
532 831
532 872
533 534
533 588
534 535
534 606
534 619
534 624
534 697
534 751
535 536
535 692
535 786
535 814
535 900
536 537
536 579
536 583
536 813
537 538
537 539
537 692
537 734
537 867
538 539
538 662
538 707
538 848
538 856
539 540
539 543
539 661
539 693
539 716
539 853
539 867
540 541
540 554
540 561
540 563
540 592
540 854
541 542
541 615
541 704
541 809
542 543
542 585
542 637
542 698
542 785
542 796
542 898
543 544
543 570
543 607
543 640
543 675
543 738
543 786
543 812
543 852
544 545
544 646
544 729
544 731
544 734
544 882
545 546
545 604
545 739
546 547
546 548
546 606
546 825
546 884
547 548
547 569
547 608
547 655
547 764
547 765
548 549
548 705
548 732
548 800
548 830
548 865
549 550
549 618
550 551
550 713
550 829
551 552
551 597
551 715
551 762
551 871
551 895
552 553
552 618
552 712
552 846
553 554
553 630
553 741
553 774
553 777
553 824
553 870
554 555
554 607
554 680
554 730
554 826
554 844
555 556
555 617
555 619
555 700
556 557
556 631
556 670
556 701
556 753
556 893
557 558
557 582
557 635
557 831
557 890
557 897
558 559
558 646
558 840
558 861
559 560
559 707
559 763
559 893
560 561
560 783
560 792
560 809
561 562
561 583
561 584
561 592
561 816
561 883
561 900
562 563
562 795
562 825
562 894
563 564
563 621
563 650
564 565
564 737
565 566
566 567
566 784
566 796
566 836
566 880
567 568
567 627
567 664
567 756
567 779
567 849
567 871
568 569
568 730
568 773
568 782
569 570
569 689
570 571
570 659
570 707
570 837
571 572
571 697
572 573
572 634
572 644
572 758
572 784
572 829
572 841
573 574
573 737
573 822
574 575
574 812
574 866
575 576
575 825
576 577
576 595
576 636
576 863
577 578
577 653
577 822
577 835
578 579
578 673
578 859
579 580
579 582
579 590
579 766
579 800
579 811
579 900
580 581
580 593
580 599
580 657
580 788
580 795
580 838
580 849
581 582
581 610
581 620
581 752
582 583
583 584
583 592
583 650
583 687
583 739
583 748
583 837
583 838
583 841
584 585
584 715
584 832
584 861
585 586
585 599
585 752
585 856
585 880
586 587
586 801
586 884
587 588
587 595
587 614
587 823
588 589
588 615
588 706
588 863
589 590
589 684
589 863
590 591
590 602
590 619
590 712
590 893
591 592
591 609
591 693
591 787
592 593
592 649
592 658
592 693
593 594
593 663
593 720
593 897
594 595
594 673
594 741
595 596
595 625
595 703
595 759
595 830
596 597
596 759
597 598
597 762
598 599
598 727
598 839
599 600
599 707
599 791
600 601
600 695
600 851
601 602
602 603
602 608
602 768
602 883
603 604
603 679
603 721
603 739
603 818
604 605
604 802
604 894
605 606
605 627
605 741
606 607
606 651
606 826
606 880
606 893
607 608
607 640
607 715
607 805
607 894
608 609
608 753
608 838
608 897
609 610
609 624
609 638
609 788
610 611
610 687
610 703
610 801
610 888
611 612
611 671
611 856
612 613
612 818
612 837
613 614
613 680
613 818
614 615
614 740
614 762
615 616
615 646
615 654
615 720
616 617
616 659
616 689
616 811
616 878
617 618
617 795
617 846
617 869
618 619
618 808
618 855
619 620
619 675
619 862
620 621
620 681
620 691
620 729
620 740
620 778
621 622
621 820
621 865
621 878
622 623
623 624
623 900
624 625
624 638
624 678
624 702
624 720
624 802
625 626
625 718
625 752
626 627
626 671
626 726
626 746
626 753
626 770
626 785
626 893
627 628
627 775
627 778
627 840
628 629
629 630
629 677
630 631
631 632
631 638
631 639
631 779
632 633
632 796
633 634
633 714
633 717
633 866
633 873
634 635
634 796
635 636
635 757
635 805
635 871
636 637
636 751
637 638
637 668
637 848
637 860
638 639
638 830
639 640
639 733
639 821
640 641
640 705
640 717
640 728
640 833
641 642
641 728
641 770
641 793
642 643
642 685
642 687
642 762
642 805
643 644
643 728
643 774
643 805
643 850
644 645
644 755
644 803
645 646
645 812
646 647
646 672
646 743
646 844
646 846
646 853
647 648
647 694
647 711
647 753
647 867
648 649
648 743
649 650
649 694
649 741
649 796
649 801
649 815
650 651
650 703
650 810
650 871
651 652
651 725
651 764
651 785
651 871
652 653
652 822
653 654
653 769
654 655
654 703
654 738
655 656
655 661
655 687
655 843
656 657
656 672
656 793
657 658
657 663
657 869
658 659
658 681
659 660
659 699
659 893
659 900
660 661
660 724
661 662
661 672
662 663
662 895
663 664
663 792
663 872
664 665
664 678
665 666
665 772
665 892
666 667
666 771
666 799
666 825
667 668
667 804
668 669
668 698
668 805
668 840
668 868
669 670
669 686
669 741
670 671
670 673
671 672
671 692
671 759
671 760
671 843
672 673
672 796
673 674
673 713
673 814
674 675
675 676
675 810
676 677
676 726
676 833
677 678
677 710
678 679
678 695
679 680
679 710
679 743
679 795
680 681
680 850
681 682
681 731
681 788
681 816
682 683
682 790
683 684
683 702
683 709
683 717
683 774
683 853
684 685
684 696
684 754
684 760
684 810
684 894
685 686
685 852
685 859
686 687
687 688
687 776
688 689
688 818
689 690
689 754
689 769
689 880
690 691
690 801
691 692
691 707
692 693
692 774
692 857
693 694
693 792
694 695
694 740
694 741
695 696
695 830
696 697
696 759
697 698
697 710
697 900
698 699
698 765
698 832
699 700
700 701
700 786
700 807
701 702
701 792
701 876
702 703
702 773
702 858
703 704
704 705
704 827
705 706
705 755
706 707
706 805
706 807
706 826
706 880
707 708
708 709
708 737
708 795
708 877
709 710
709 801
710 711
710 817
710 892
711 712
711 879
712 713
712 827
713 714
713 751
713 877
714 715
715 716
715 726
715 763
715 784
715 872
716 717
716 759
717 718
717 876
718 719
718 728
718 883
719 720
720 721
720 722
720 777
721 722
721 802
722 723
723 724
723 799
723 898
724 725
724 840
725 726
725 825
726 727
727 728
727 801
727 805
727 849
727 855
728 729
728 824
728 889
729 730
729 822
730 731
730 763
731 732
731 789
732 733
732 759
733 734
733 813
733 824
733 851
734 735
734 794
734 833
734 873
735 736
735 779
735 860
736 737
736 857
737 738
737 765
737 874
738 739
738 751
738 824
739 740
739 753
739 763
739 837
739 886
740 741
741 742
741 827
742 743
742 868
743 744
743 767
743 797
743 882
744 745
744 825
744 826
745 746
745 758
745 840
746 747
746 867
746 897
747 748
747 872
748 749
748 889
748 898
749 750
749 783
750 751
751 752
752 753
752 826
753 754
753 818
753 827
754 755
754 784
755 756
755 815
755 868
755 882
756 757
756 771
756 834
756 891
757 758
757 797
757 808
757 857
758 759
758 794
759 760
759 824
759 825
759 827
760 761
760 774
760 835
761 762
761 778
762 763
762 768
763 764
763 781
764 765
764 814
764 825
764 839
764 847
764 893
765 766
765 794
766 767
766 841
766 872
766 875
767 768
767 870
768 769
768 775
768 891
769 770
770 771
770 817
770 867
771 772
771 794
771 799
771 858
772 773
772 832
773 774
773 799
773 849
774 775
774 798
775 776
775 799
775 838
776 777
777 778
777 788
777 882
777 886
778 779
778 782
778 803
778 877
779 780
780 781
780 794
781 782
782 783
782 891
783 784
783 804
783 886
784 785
785 786
785 861
786 787
786 885
787 788
788 789
788 870
788 872
789 790
789 808
789 818
789 883
789 884
790 791
790 818
791 792
792 793
792 812
792 844
793 794
793 810
793 829
794 795
795 796
795 832
796 797
797 798
797 812
798 799
798 839
798 874
799 800
799 861
799 893
800 801
800 808
800 860
801 802
802 803
802 833
803 804
803 820
804 805
805 806
806 807
806 821
807 808
807 891
808 809
808 846
808 850
808 867
809 810
810 811
810 841
810 864
811 812
811 883
812 813
813 814
813 839
813 852
813 898
814 815
815 816
816 817
817 818
818 819
819 820
819 871
819 874
819 880
820 821
820 896
821 822
822 823
823 824
824 825
824 900
825 826
826 827
827 828
827 893
828 829
829 830
829 885
830 831
831 832
832 833
832 852
833 834
834 835
835 836
835 869
836 837
836 839
836 869
837 838
837 841
837 899
838 839
839 840
839 848
840 841
840 879
841 842
842 843
843 844
844 845
845 846
846 847
847 848
848 849
849 850
849 859
850 851
851 852
851 893
852 853
853 854
853 887
853 897
854 855
854 886
855 856
855 891
856 857
857 858
857 873
857 883
857 895
858 859
859 860
860 861
861 862
862 863
863 864
864 865
864 883
865 866
866 867
867 868
868 869
869 870
870 871
871 872
872 873
872 894
873 874
874 875
875 876
876 877
877 878
878 879
879 880
879 881
879 897
880 881
881 882
882 883
882 899
883 884
884 885
885 886
886 887
887 888
888 889
889 890
890 891
891 892
892 893
893 894
894 895
895 896
896 897
897 898
898 899
899 900
10

