100 580
3 1 1 2 3 6 1 3 9 7 5 2 3 3 4 3 2 10 7 10 7 2 10 5 4 10 8 10 7 5 10 10 10 6 3 7 10 8 9 3 9 8 7 2 4 8 7 5 9 7 4 2 2 8 1 5 6 2 6 1 2 9 6 8 9 7 8 1 1 4 8 2 9 6 8 7 8 8 7 8 10 8 3 3 2 1 7 1 9 6 2 5 9 4 10 1 3 8 4 1 
1 2
1 20
1 23
1 24
1 34
1 39
1 44
1 45
1 58
1 61
1 79
1 88
2 3
2 10
2 17
2 21
2 32
2 36
2 39
2 57
2 58
2 64
2 65
2 80
3 4
3 5
3 18
3 24
3 31
3 32
3 42
3 81
3 84
4 5
4 7
4 16
4 20
4 32
4 35
4 39
4 40
4 57
4 62
4 63
4 64
4 69
4 74
5 6
5 21
5 40
5 53
5 61
5 67
5 68
5 75
5 80
5 93
5 94
6 7
6 8
6 10
6 13
6 15
6 23
6 30
6 85
7 8
7 18
7 22
7 41
7 46
7 49
7 59
7 60
7 63
7 69
7 94
8 9
8 12
8 14
8 38
8 42
8 44
8 72
8 96
8 100
9 10
9 41
9 57
9 58
9 61
9 62
9 69
9 70
9 74
9 75
9 76
9 84
9 88
9 98
10 11
10 22
10 28
10 78
10 81
11 12
11 25
11 26
11 43
11 48
11 79
12 13
12 14
12 26
12 28
12 30
12 34
12 38
12 40
12 55
12 58
12 68
12 72
12 85
12 91
13 14
13 15
13 52
13 88
14 15
14 31
14 42
14 43
14 57
14 58
14 59
14 61
14 74
14 79
14 83
14 87
15 16
15 17
15 20
15 29
15 46
15 48
15 60
15 66
15 70
15 71
15 79
16 17
16 26
16 31
16 39
16 61
16 64
16 76
16 99
17 18
17 22
17 33
17 39
17 45
17 62
17 65
18 19
18 21
18 23
18 32
18 39
18 61
18 68
18 72
18 80
18 94
19 20
19 21
19 34
19 37
19 46
19 49
19 53
19 74
19 86
20 21
20 35
20 46
20 64
20 68
20 72
20 79
21 22
21 23
21 25
21 34
21 45
21 50
21 55
21 61
21 70
21 79
21 84
22 23
22 32
22 33
22 39
22 42
22 52
22 53
22 58
22 67
22 71
22 80
22 81
22 86
22 91
23 24
23 35
23 38
23 43
23 45
23 46
23 52
23 75
23 93
23 94
24 25
24 55
24 59
25 26
25 31
25 45
25 51
25 64
25 79
25 87
26 27
26 49
26 53
26 82
26 86
26 88
26 91
26 92
27 28
27 33
27 37
27 58
27 60
27 64
27 65
27 69
27 73
27 75
27 90
27 93
27 95
28 29
28 39
28 59
28 66
28 78
28 85
28 88
28 97
29 30
29 32
29 49
29 61
29 81
29 85
29 89
30 31
30 32
30 42
30 47
30 55
30 73
30 85
30 90
31 32
31 34
31 36
31 39
31 49
31 64
31 91
31 100
32 33
32 63
32 69
32 80
32 91
33 34
33 46
33 51
33 52
33 59
34 35
34 44
34 55
34 65
34 81
34 82
34 98
34 100
35 36
35 45
35 58
35 59
35 64
36 37
36 44
36 45
36 62
36 66
36 68
36 79
36 94
36 97
37 38
37 59
37 80
37 89
38 39
38 41
38 50
38 55
38 70
38 71
38 72
38 74
38 89
39 40
39 43
39 47
39 49
39 50
39 58
39 62
40 41
40 48
40 53
40 80
41 42
41 46
41 58
41 70
41 83
41 93
42 43
42 52
42 62
42 85
43 44
43 53
43 61
43 64
43 68
43 94
43 99
44 45
44 46
44 52
44 54
44 60
44 76
44 93
45 46
45 56
45 100
46 47
46 51
46 57
46 81
47 48
47 55
47 70
47 79
47 83
47 91
47 93
47 97
48 49
48 53
48 57
48 58
48 59
48 60
48 61
48 66
48 70
48 75
48 85
48 87
49 50
49 66
50 51
50 72
50 83
50 86
50 94
50 100
51 52
51 53
51 62
51 73
51 91
51 98
52 53
52 59
52 88
53 54
53 57
53 81
53 86
53 95
53 98
54 55
54 58
54 60
54 64
54 71
54 89
54 99
55 56
55 69
55 80
55 94
55 95
56 57
56 67
56 70
56 98
57 58
57 61
57 75
57 81
58 59
58 62
58 71
58 90
59 60
59 85
59 89
59 97
60 61
60 68
60 74
60 75
60 77
60 89
60 95
61 62
61 64
61 66
61 72
61 77
61 78
61 83
61 89
62 63
62 71
62 76
62 83
62 84
62 85
63 64
63 65
63 69
63 76
63 92
63 95
63 98
63 100
64 65
64 70
64 75
64 78
64 86
65 66
65 88
66 67
66 72
66 92
66 97
67 68
67 69
67 72
67 78
67 87
68 69
68 86
69 70
69 77
69 78
69 85
69 87
69 98
70 71
70 82
70 83
70 92
70 97
70 100
71 72
71 87
71 95
72 73
72 79
72 80
72 82
72 85
73 74
73 84
73 87
74 75
74 82
74 87
74 97
75 76
75 82
75 94
75 98
76 77
77 78
77 97
78 79
78 87
78 89
79 80
79 81
79 84
79 85
79 93
79 94
80 81
80 86
81 82
81 84
81 90
81 92
81 99
82 83
82 84
82 92
83 84
83 86
83 88
83 89
83 94
83 100
84 85
84 87
85 86
85 93
86 87
87 88
87 95
87 97
88 89
88 100
89 90
89 91
90 91
90 96
91 92
92 93
92 100
93 94
94 95
94 98
95 96
95 97
96 97
97 98
98 99
99 100
5
